OID_,Movements_south_projected2_Length,POINT_X,POINT_Y,TWI,S,ID,NEAR_FID,DFC
1,3.396728414169544,825396.894999999552965,9871211.190999999642372,6.6802206,2.2223437,2.5024967,1,655.504441047634373
2,3.992580550115467,825499.248900000005960,9870951.501199999824166,7.6129141,0.8202207,2.3958361,1,686.191419184663118
3,6.639550897580725,825706.028699999675155,9871382.495899999514222,5.0802889,10.8926258,2.5503008,1,302.256414143621043
4,3.532925729300581,824750.247899999842048,9870638.861899999901652,5.7166033,6.3418093,3.3744583,1,1490.801337993170364
5,0.984353797981544,825965.045800000429153,9870972.750000000000000,5.4549685,6.9921875,3.0034385,1,316.865709319190842
6,1.103289191966013,825934.537299999967217,9870955.813699999824166,5.4549685,6.9921875,3.1598575,1,350.272935679490502
7,2.733519279387266,825492.432400000281632,9871184.837799999862909,6.5399108,4.0215855,2.0796669,1,582.555800073787168
8,1.313392225943857,825493.013899999670684,9871117.867900000885129,7.7741470,1.7861395,2.9953134,1,611.821569380609731
9,2.354791307930623,825907.861800000071526,9871394.877199999988079,5.8615060,6.9520988,2.8409905,1,117.056526117465921
10,3.832026103152156,825896.627399999648333,9871425.743400000035763,5.8615060,6.9520988,2.4340909,1,112.950446334342416
11,3.106806953580266,825838.187300000339746,9871366.053200000897050,5.8615060,6.9520988,2.7331810,1,192.203600285934982
12,7.353184812578225,825669.341099999845028,9871465.540599999949336,6.4547882,3.1497593,2.4601915,1,296.957266352945396
13,9.313934090726731,825569.496199999935925,9871393.348200000822544,5.3290854,9.1008720,1.9088464,1,418.753826702863421
14,10.289250482747999,825571.326500000432134,9871430.545800000429153,5.2190714,8.2181835,2.1541805,1,400.030479587541038
15,0.961838702126697,824673.616100000217557,9871321.410199999809265,6.1780028,3.5479286,3.3497553,1,1238.901334128723647
16,2.144054052395314,824766.238199999555945,9871356.720300000160933,6.1780028,3.5479286,3.7972109,1,1140.440600426605215
17,2.592982836586249,824790.648799999617040,9871367.363500000908971,6.1780028,3.5479286,4.2058511,1,1113.873724857101024
18,4.436848791691268,826865.274899999611080,9869616.933000000193715,6.1963687,4.3648038,0.4931844,1,323.252363621146060
19,6.598636370027863,825244.938599999994040,9871928.526200000196695,5.6204667,5.1733336,2.8244948,1,452.440350685728049
20,4.476181461887137,825868.054100000299513,9871570.883700000122190,5.9743838,3.8256533,2.1717658,1,72.067513258422139
21,2.241215495026938,825792.893299999646842,9871745.941600000485778,5.8601341,4.8975196,1.7430851,1,52.282696173189841
22,3.517268613320739,825739.583999999798834,9871917.651900000870228,5.7921391,4.4994740,2.1687565,1,18.061002167996261
23,3.128936639627922,825740.759600000455976,9871838.152499999850988,5.7921391,4.4994740,1.6426984,1,53.729837801315895
24,3.307755692074848,825672.575199999846518,9871989.109999999403954,6.2130861,3.9085975,2.4443083,1,44.499048211706899
25,2.564788229434845,825272.193400000222027,9878575.747199999168515,7.6416430,3.4546874,2.9223208,1,294.238752073226465
26,2.614709837131548,825666.660400000400841,9872025.807800000533462,5.9370866,4.7054739,2.3821497,1,32.798957673005475
27,3.638500785021673,824433.104100000113249,9872457.247600000351667,7.9635277,0.4974868,5.8812695,1,1128.605667918178824
28,5.974380188935063,825277.489400000311434,9871883.720899999141693,5.5098691,6.8856597,2.6286333,1,443.604113404533905
29,2.733685224527956,825486.069899999536574,9872074.408199999481440,5.9554787,4.7330074,2.3655906,1,175.358264940489192
30,3.531265672028082,825691.062400000169873,9872005.338899999856949,6.2130861,3.9085975,2.4719481,1,20.606793033231451
31,3.316758336053359,825674.234400000423193,9871970.311499999836087,6.2130861,3.9085975,2.5691988,1,51.708205022322709
32,3.997013417914774,825746.167799999937415,9871891.788200000301003,5.7921391,4.4994740,2.0807447,1,24.164676431447798
33,3.835484397313773,825772.904400000348687,9871850.984600000083447,5.7921391,4.4994740,1.3666453,1,19.291987285308569
34,4.555819426047258,825793.601999999955297,9871820.375700000673532,5.7707839,5.3513184,1.4897274,1,15.068090473580039
35,3.322582759730149,824698.380400000140071,9875789.755200000479817,6.5559549,2.1510003,2.9043543,1,920.069994792009197
36,4.950514205991515,825277.073499999940395,9874134.054199999198318,5.4643373,6.4576159,4.1893106,1,394.036744183518977
37,3.700780987026138,825557.836699999868870,9874387.157600000500679,6.2944665,3.4802024,4.9373689,1,112.454560909625982
38,4.068925987435017,824748.705299999564886,9874236.544299999251962,5.2981849,8.2516575,3.7877536,1,911.521372169395249
39,4.847951745657115,824772.668100000359118,9874282.974099999293685,5.2981849,8.2516575,4.3060350,1,886.101955563386355
40,3.727758780465471,824737.579499999992549,9874296.836500000208616,5.2981849,8.2516575,4.0841722,1,921.213470214502763
41,4.217280594883007,824814.538700000382960,9874217.484400000423193,6.6470418,2.1819162,3.9325449,1,847.074447649528793
42,4.378749211176095,825253.792600000277162,9875086.404899999499321,5.2978072,6.6117420,3.0035694,1,387.741636254837147
43,3.012850270617085,824941.664300000295043,9875037.811100000515580,7.0012417,2.7707033,2.7080956,1,696.192692489797992
44,4.441999038777057,825289.875699999742210,9875144.293199999257922,5.2978072,6.6117420,3.0269310,1,355.415240774342863
45,3.935808319104360,825334.171299999579787,9875083.427699999883771,6.4316020,3.9793019,3.0034416,1,307.334913966824104
46,3.914729364671839,825331.965400000102818,9875150.777599999681115,6.4316020,3.9793019,3.0747151,1,314.065114277418616
47,4.866435919567201,825319.250599999912083,9875169.075600000098348,6.4316020,3.9793019,3.0269310,1,328.404554932015969
48,4.524119113340545,825354.055599999614060,9875160.762800000607967,6.4316020,3.9793019,3.0747151,1,292.983830646566560
49,6.601542970696379,825391.999699999578297,9874998.988700000569224,7.4881673,3.2830584,3.7078881,1,244.306700620686655
50,6.913615205238653,825337.637299999594688,9874976.448599999770522,7.4881673,3.2830584,3.5595036,1,296.698912322301851
51,5.480936287945261,825489.953999999910593,9875088.811000000685453,7.4591866,3.4095359,2.9472942,1,152.199884349524268
52,4.881208612907359,825468.953599999658763,9875169.028799999505281,7.4591866,3.4095359,2.8112745,1,179.328239287741070
53,5.875897412679023,825454.170500000007451,9875166.061100000515580,7.4591866,3.4095359,2.9049163,1,193.776843063396313
54,3.739670800607665,825546.312599999830127,9875113.737500000745058,7.2297430,3.2705271,2.6414053,1,97.521856847731755
55,4.341554427578815,825119.558600000105798,9874379.913200000301003,5.8388972,5.4495382,5.6325750,1,546.406281844150953
56,3.975651782328140,824648.426900000311434,9874759.166099999099970,5.5892673,5.9494195,4.4198461,1,989.530052434606091
57,3.612030499855686,825352.896900000050664,9875213.809599999338388,5.8580914,4.5637436,2.8818834,1,299.002922993605523
58,4.005649655558508,825325.905700000002980,9875238.218699999153614,5.8580914,4.5637436,2.8818834,1,328.119080438650769
59,4.349664568311273,825357.826799999922514,9875249.511099999770522,5.8580914,4.5637436,2.8818834,1,297.414190136067873
60,4.746143121133283,825320.641800000332296,9875289.313200000673532,5.8580914,4.5637436,2.4351513,1,340.579061954534495
61,3.336798255699393,825569.127799999900162,9875216.665999999269843,6.1404519,4.2912068,2.3586671,1,83.945384765955581
62,4.453296452931756,825366.842400000430644,9875350.455299999564886,5.9279456,3.8232040,2.0418019,1,312.678731970358911
63,4.502062097666229,825543.312400000169873,9875400.022399999201298,6.2151222,4.3391829,1.9329360,1,155.023923053326570
64,2.767962383902099,825355.020499999634922,9875464.001000000163913,6.8883352,3.5282495,2.4920881,1,322.982274471659480
65,3.246185750067254,825329.234400000423193,9875465.829800000414252,6.8883352,3.5282495,2.4966331,1,347.522744833519653
66,2.654809240081434,825344.252100000157952,9875506.715299999341369,6.8883352,3.5282495,3.0783446,1,322.893959740821003
67,3.624346646577512,825430.712500000372529,9875613.605799999088049,6.6116366,3.6923218,3.1639402,1,217.738842167599756
68,3.817496784886217,825446.613199999555945,9875659.729499999433756,6.6116366,3.6923218,3.0809004,1,196.781421833434933
69,1.982613209299221,825544.257899999618530,9875548.764599999412894,6.1825156,3.8535330,2.4697139,1,118.693727988531762
70,3.620549695572993,825574.120500000193715,9875549.040500000119209,6.1825156,3.8535330,2.4697139,1,89.683847590412242
71,2.075017409194123,825628.146200000308454,9875449.975899999961257,6.1825156,3.8535330,1.8928010,1,63.031836189242632
72,3.182972273754926,825360.654299999587238,9875415.909299999475479,5.9279456,3.8232040,2.3807049,1,330.061828037674559
73,3.119503694023767,825370.004999999888241,9875454.893400000408292,6.8883352,3.5282495,2.5395029,1,310.783186517015451
74,3.532783536272031,825327.923000000417233,9875551.676000000908971,6.7207665,3.4132721,3.1339381,1,328.049492352614038
75,4.641262471824502,825311.772400000132620,9875640.889599999412894,6.7207665,3.4132721,3.3804381,1,332.883150514541114
76,3.782551863893305,825311.902999999932945,9875620.458399999886751,6.7207665,3.4132721,3.3804381,1,335.037474363778642
77,3.328216943086479,825236.377799999900162,9875643.390699999406934,5.4651632,5.6561561,3.3705137,1,407.525513660221861
78,4.094679197528732,825345.031200000084937,9875647.400900000706315,6.7207665,3.4132721,3.3531101,1,299.104909596944594
79,3.525838795031047,825378.495500000193715,9875662.086799999698997,6.7207665,3.4132721,3.2960598,1,264.208577830719491
80,3.775808919824939,825177.020399999804795,9873380.735600000247359,6.0083351,4.3219023,4.3063440,1,308.874336693301473
81,4.063951084966271,825112.889999999664724,9873284.866399999707937,5.6563950,6.1661520,5.0009112,1,391.544875776089214
82,2.320112679826059,825333.140200000256300,9873561.062400000169873,6.0504055,4.4770966,3.2032585,1,133.843513272276141
83,2.910361243078590,825407.973699999973178,9873490.416300000622869,6.3914585,3.3164337,3.0951259,1,60.157232770328683
84,3.814088288660956,825331.299200000241399,9873490.682700000703335,6.3914585,3.3164337,3.4952919,1,135.098966710195157
85,2.326555500912788,825203.072100000455976,9873475.150800000876188,6.2507563,4.1337285,4.0241046,1,263.911302362254844
86,3.449041768853707,825206.332600000314415,9873430.808800000697374,6.2507563,4.1337285,4.1196284,1,269.786962324964520
87,3.540205452000937,825089.536700000055134,9873349.867100000381470,6.0653996,3.9731674,4.2117581,1,400.865604671150948
88,3.437538540643017,825063.281000000424683,9873306.707299999892712,6.0653996,3.9731674,4.3122191,1,435.525192354604712
89,4.924588724450262,825326.410400000400841,9873249.859799999743700,8.2906466,3.0016603,4.9663024,1,184.499851766152119
90,4.590329222696498,825313.195299999788404,9873197.907700000330806,8.2906466,3.0016603,5.3259745,1,202.587886255500933
91,3.642409065386707,825449.160799999721348,9873204.717700000852346,7.4690242,2.7935231,4.5735803,1,66.533702681982447
92,2.688322272373555,825458.308400000445545,9873403.694499999284744,7.3348579,2.9034853,3.3023822,1,28.963859605204579
93,3.086451684118166,825403.527499999850988,9873204.416899999603629,8.2906466,3.0016603,4.8251386,1,112.028850719560324
94,1.893316065830765,825296.504999999888241,9873375.703500000759959,7.0521793,3.5367622,4.1883979,1,193.050404853374062
95,2.566790941068180,825432.740899999625981,9873406.844599999487400,7.3348579,2.9034853,3.3023822,1,53.316743648735141
96,4.306887224788677,825439.499800000339746,9873321.591600000858307,7.3348579,2.9034853,4.0935545,1,64.298312545374898
97,4.133606775948842,825166.567499999888241,9873327.110999999567866,6.0653996,3.9731674,4.6772838,1,330.253756862615091
98,3.603865980943064,825207.753899999894202,9873349.446799999102950,6.0083351,4.3219023,4.3880553,1,285.321982995341841
99,2.091751957088384,825336.254200000315905,9873310.191700000315905,7.0521793,3.5367622,4.6770225,1,167.798777274372810
100,4.037295735906325,825046.807799999602139,9873626.610999999567866,5.8448448,4.3308964,3.2567241,1,426.171455975888023
101,3.202964558455594,825155.756299999542534,9873602.739099999889731,5.8448448,4.3308964,3.2589414,1,315.077058364215873
102,3.635139880072649,825288.177099999971688,9873579.870699999853969,6.4925685,4.2171850,3.3569605,1,180.826398382632135
103,2.903729465079611,825185.393899999558926,9873598.405999999493361,6.4925685,4.2171850,3.2683196,1,285.129338213431481
104,3.524243670262240,825156.451299999840558,9873545.648499999195337,5.9755521,3.6145928,3.7171257,1,307.496016345291821
105,3.367050204344978,825099.706399999558926,9873442.947300000116229,5.9755521,3.6145928,4.0205169,1,371.555487457783613
106,4.208227223134443,825115.996899999678135,9873403.667400000616908,6.0653996,3.9731674,4.2713943,1,363.792514010339062
107,4.324301805649862,825188.912600000388920,9873450.821900000795722,6.2507563,4.1337285,4.0241046,1,282.662678479666624
108,3.110216891121111,825073.575100000016391,9873426.383300000801682,5.9755521,3.6145928,4.0205169,1,400.560838608731729
109,2.892345528509081,825062.013100000098348,9873443.942099999636412,5.9755521,3.6145928,3.8460815,1,408.295396127673712
110,4.675915814140629,825044.028699999675155,9873494.993699999526143,5.9755521,3.6145928,3.8222382,1,419.742415606811221
111,3.395228844101357,825132.644299999810755,9873526.822499999776483,5.9755521,3.6145928,3.6408277,1,330.367866602193828
112,2.136976598731520,825236.681800000369549,9873443.677999999374151,6.2507563,4.1337285,4.0671625,1,237.424589033802135
113,4.595788876609592,824912.153900000266731,9873556.893400000408292,6.4737926,3.5738454,4.8601027,1,551.972925879037462
114,4.156578935857426,825213.983300000429153,9873930.698599999770522,6.2276435,4.5468335,4.0922503,1,377.394556341831844
115,2.460114161023560,825265.151600000448525,9873932.108100000768900,6.2276435,4.5468335,3.7615597,1,331.175288484500129
116,3.145356464419928,825254.917000000365078,9873962.104299999773502,6.2276435,4.5468335,3.7341890,1,352.674976563268672
117,4.289257421489290,825031.482300000265241,9873534.843599999323487,4.8215876,10.7414579,3.9826491,1,431.699879181309427
118,3.772759018886331,825076.214700000360608,9873548.412799999117851,5.9755521,3.6145928,3.5923190,1,387.713893666099011
119,3.339224208769830,824991.856999999843538,9873607.275900000706315,5.7884307,4.7384024,4.0393763,1,478.231414527938171
120,3.627108038296569,825034.391800000332296,9873675.893799999728799,5.7518468,4.6629424,3.5695815,1,446.235621520802226
121,2.488148542916091,824976.059799999929965,9873653.698499999940395,5.7884307,4.7384024,3.8809109,1,499.832560547538549
122,2.654574362126511,824916.875799999572337,9873794.623700000345707,6.2218990,3.6877611,3.8595495,1,592.985058660910795
123,4.830111363069387,825005.458899999968708,9873758.419600000604987,5.7518468,4.6629424,2.5574141,1,497.320594451382931
124,4.066625206536643,825115.668700000271201,9873762.385700000450015,5.1271739,7.5595160,2.0222359,1,397.575618554404002
125,4.706271496111211,824983.467299999669194,9873799.246200000867248,5.7518468,4.6629424,2.9047842,1,533.155643932138787
126,3.399422362812929,825478.480200000107288,9873681.034800000488758,6.4042525,3.2325180,1.1095532,1,33.861175285793422
127,3.523838244016604,825049.790799999609590,9873855.822399999946356,5.4312997,7.2611642,3.3507199,1,496.393714739541508
128,3.261318164708166,825100.055399999953806,9873919.998999999836087,5.4312997,7.2611642,4.0227656,1,477.242858293102984
129,3.809119741849850,824898.403500000014901,9873832.117300000041723,6.2592888,3.2082634,4.0418148,1,624.258455211065211
130,3.774692466879726,824963.049999999813735,9873870.508999999612570,5.7474351,5.1203446,3.6004677,1,581.365976304587321
131,4.992911955959869,824970.061300000175834,9873848.820100000128150,5.7474351,5.1203446,3.6004677,1,565.955475502199306
132,5.316147169578695,825003.177199999801815,9873929.236899999901652,5.3830094,5.7120891,3.9164240,1,569.356974202422180
133,4.261234563991311,825039.577899999916553,9873897.454099999740720,5.7474351,5.1203446,3.6505625,1,523.023931297668923
134,1.778423721052792,825477.436599999666214,9873928.931299999356270,8.1239166,2.8214953,2.3991752,1,135.770003880342784
135,3.556069826436425,825332.427799999713898,9874029.085500000044703,7.7507629,2.6500688,3.1018221,1,308.907331522194795
136,3.520614315639335,824867.511300000362098,9873986.166300000622869,6.1747270,4.9852614,3.9154484,1,716.405976434190848
137,3.900305285577698,824830.507199999876320,9873892.276799999177456,6.2592888,3.2082634,4.2291360,1,710.925646052091793
138,3.015273208521498,824891.101400000043213,9873924.151399999856949,6.2592888,3.2082634,3.8660057,1,669.122267604525405
139,1.685265715766508,824868.554600000381470,9873683.469200000166893,6.2218990,3.6877611,4.5725274,1,610.629148547282171
140,3.847964340874036,824757.461199999786913,9873938.598200000822544,5.5622940,6.5282593,4.7260141,1,796.629219231870366
141,4.262286541640148,824767.991899999789894,9874014.083100000396371,5.5622940,6.5282593,4.3858004,1,818.507235807195570
142,4.041941519304461,824918.234000000171363,9874023.012599999085069,6.1747270,4.9852614,3.7979910,1,685.200015710722710
143,2.981422595734463,824940.946800000034273,9874163.931199999526143,6.1742921,3.7994545,4.7323461,1,721.467183849747357
144,3.275655617468941,824961.143799999728799,9874165.435399999842048,6.1742921,3.7994545,4.7323461,1,703.607289285254751
145,5.051011978053527,824864.018600000068545,9874089.296000000089407,5.7820182,6.2742429,3.8679874,1,761.604148013924714
146,2.603140735203533,824705.135200000368059,9874041.223400000482798,5.5622940,6.5282593,4.5635543,1,886.956185198167759
147,3.689582923811042,824855.108300000429153,9874145.597100000828505,5.7820182,6.2742429,4.3088269,1,792.539691778881661
148,4.001177717811991,824797.839999999850988,9874135.011199999600649,5.7820182,6.2742429,4.0929480,1,840.622852513347084
149,4.971793576383415,825236.183699999935925,9874176.683299999684095,5.4093575,5.9547834,4.5040374,1,429.179538671362650
150,3.156437835864686,825470.299100000411272,9874101.061100000515580,7.8896646,2.5481067,3.9158001,1,205.169210191112086
151,4.398819347659351,825273.046199999749660,9874052.997700000181794,5.4643373,6.4576159,3.5234933,1,372.885962255690970
152,3.166534521776875,825374.768500000238419,9875393.326500000432134,5.9279456,3.8232040,2.0525427,1,316.702194648152840
153,3.279571961488480,825418.997800000011921,9876002.757400000467896,6.9864855,3.1513939,3.0827947,1,176.716664422797550
154,9.465093985553867,825468.041600000113249,9874914.618000000715256,7.2203474,3.6693769,3.1276360,1,161.232276358459103
155,8.527868371679167,825469.112599999643862,9874935.935200000181794,7.5538311,3.4328518,3.0635583,1,162.095643340310005
156,8.708754584561134,825434.651300000026822,9874923.614000000059605,7.2203474,3.6693769,3.2682681,1,195.299908861845040
157,8.939182554168648,825426.826700000092387,9874920.584100000560284,7.2203474,3.6693769,3.4090416,1,202.818060588260181
158,9.329748001934837,825401.404000000096858,9874921.366599999368191,6.7602110,2.8700824,3.4090416,1,228.207199029387198
159,5.505379904683999,825259.390399999916553,9874885.729199999943376,6.1408572,3.1087134,3.7355309,1,369.104803445696632
160,5.646161816245299,825303.800999999977648,9875010.661299999803305,7.4881673,3.2830584,3.7349417,1,333.065194417162274
161,4.600052253279794,825320.054299999959767,9875036.266699999570847,7.4881673,3.2830584,3.5923195,1,318.455683397825851
162,3.862149007314935,825238.746100000105798,9874826.303200000897050,6.1408572,3.1087134,4.0543461,1,395.699088410905745
163,3.103192357440292,825207.972400000318885,9874831.512800000607967,6.1408572,3.1087134,3.8224883,1,425.391050302284043
164,4.676123428592622,825261.906700000166893,9874804.910800000652671,6.1408572,3.1087134,4.5625582,1,375.888008999083695
165,3.442897642112495,825286.195199999958277,9874665.568700000643730,6.9910884,2.9715815,4.9933801,1,374.631213800649562
166,2.000463808214432,825195.620199999772012,9874682.608200000599027,6.3612499,3.7056663,4.5822506,1,460.661688273124810
167,4.082293627130308,825066.970599999651313,9874657.053200000897050,5.4366922,6.7647171,4.5820851,1,591.809785279537778
168,1.580605164890933,823298.282599999569356,9874154.902300000190735,6.6450887,2.9752264,1.0139116,1,2246.570231066092219
169,6.919525050509376,825399.620000000111759,9874841.646400000900030,6.7602110,2.8700824,3.9989989,1,234.301544057349275
170,10.531910911291007,825520.160600000061095,9874883.312200000509620,7.2203474,3.6693769,3.0336442,1,109.014152541838968
171,13.048169126096315,825526.521900000050664,9874931.620300000533462,7.5538311,3.4328518,2.9220717,1,104.531458791313653
172,7.844400948046088,825565.382100000046194,9874874.932600000873208,6.3555636,4.5030570,2.8922656,1,65.463741935132433
173,4.073917608551134,825236.204199999570847,9874816.480699999257922,6.1408572,3.1087134,4.5012879,1,399.639475021109604
174,6.000265128052138,825481.746199999935925,9875006.099099999293685,7.5538311,3.4328518,3.3167882,1,155.185649211528670
175,7.013881871357118,825493.928899999707937,9874850.520099999383092,7.2203474,3.6693769,3.7187667,1,139.703216665060239
176,6.733189099063071,825394.941499999724329,9874790.581199999898672,7.8215413,2.6970866,4.2217674,1,246.340853295171542
177,3.738739574402649,825464.948499999940395,9874692.971400000154972,7.3841000,2.8733885,4.1800237,1,193.864762616394557
178,4.260260128712059,825230.554899999871850,9874955.581299999728799,6.2278199,3.8028009,3.3500159,1,401.452310440907354
179,6.091236220338090,825393.163200000301003,9874802.383600000292063,6.7602110,2.8700824,4.2881789,1,246.387623002982053
180,7.756421204400241,825548.911199999973178,9874974.044299999251962,6.7251515,4.3440657,2.6926129,1,86.074995513762545
181,3.521091116962289,825394.019299999810755,9875240.609600000083447,5.8580914,4.5637436,2.8456383,1,260.511854901448828
182,3.954994525532988,825578.724999999627471,9874803.790899999439716,6.3555636,4.5030570,3.2364006,1,62.585815217183658
183,7.558274343293940,825579.968399999663234,9874824.717100000008941,6.3555636,4.5030570,3.1791945,1,58.318869033397313
184,6.889236354302266,825567.075600000098348,9874850.052400000393391,6.3555636,4.5030570,3.3759863,1,67.398661006180262
185,4.767996058971828,825298.237700000405312,9874797.361999999731779,7.8215413,2.6970866,4.4276371,1,341.037025626903016
186,4.755532596799480,825315.690700000151992,9874796.920600000768900,7.8215413,2.6970866,4.4276371,1,323.832823303663019
187,6.134206786388771,825470.810800000093877,9875030.109500000253320,7.5538311,3.4328518,3.3167882,1,167.610547185905489
188,4.963360411511376,825521.543100000359118,9875038.945199999958277,7.5538311,3.4328518,3.4161336,1,117.534934306085816
189,9.566188246449270,824989.368300000205636,9878204.819800000637770,8.1284075,1.7999051,1.3526282,1,506.487305741965827
190,6.214269587260233,824897.696899999864399,9878107.094399999827147,7.6054173,1.3262645,1.2702835,1,595.528557183441080
191,2.990570948626301,825526.141999999992549,9874531.551100000739098,8.5530539,2.4823215,4.1875806,1,159.633640989340108
192,3.208335800075181,825639.884600000455976,9874544.341099999845028,7.6300378,2.4854944,3.1429965,1,45.178035244758071
193,3.739885614340422,825458.529000000096858,9874632.305400000885129,7.9939523,2.6244791,4.5426722,1,210.941998618680230
194,4.209960794011934,825234.523799999617040,9874604.529400000348687,6.9910884,2.9715815,4.8522263,1,436.381989769201766
195,3.169600454892819,825299.357300000265241,9874670.885600000619888,8.0412560,2.6364501,5.0389137,1,360.727224974335286
196,5.219246949591882,825181.705799999646842,9873176.936100000515580,5.7748280,5.0054746,5.6094427,1,335.380203879130363
197,4.470999513851521,825185.217600000090897,9873184.338300000876188,5.7748280,5.0054746,5.6094427,1,331.254759667868427
198,4.948852110871877,825195.031700000166893,9873175.686200000345707,6.4985380,3.4286394,5.6094427,1,322.207821505070910
199,4.274180180410466,825280.312699999660254,9873225.496899999678135,5.7748280,5.0054746,5.4353223,1,232.967766773004399
200,4.013965542642823,825248.034199999645352,9873187.754899999126792,5.7748280,5.0054746,5.6419396,1,268.374315340692476
201,3.186320468414282,825273.221300000324845,9873284.881699999794364,5.7748280,5.0054746,5.0960598,1,233.577224013385461
202,4.008912992436263,825157.533999999985099,9873267.080399999395013,5.6563950,6.1661520,5.3843322,1,350.512726140675966
203,3.323801825397217,825328.226900000125170,9874700.863299999386072,7.8215413,2.6970866,4.7548332,1,326.934633141461063
204,3.443211364501673,825216.002299999818206,9874755.644999999552965,6.3612499,3.7056663,4.6130953,1,428.455712832452605
205,5.017453546698732,825227.146599999628961,9874915.648600000888109,6.1408572,3.1087134,3.4777884,1,401.618589404256966
206,3.703224050088437,825398.798600000329316,9874737.507899999618530,7.8215413,2.6970866,4.1884131,1,250.920979207649992
207,4.256484974491738,825513.158099999651313,9874747.532299999147654,7.3841000,2.8733885,3.6944070,1,136.624323065523896
208,5.305483481340260,825100.592600000090897,9874236.410599999129772,5.8181500,5.4432430,5.1348753,1,560.395502485491306
209,6.096690533303963,825374.245699999853969,9874219.397099999710917,7.7337151,3.2316959,4.5864525,1,288.519946883968657
210,5.323065977003945,825509.035799999721348,9874777.031999999657273,7.3841000,2.8733885,3.6944070,1,135.424096248333200
211,4.918732446363407,825279.712199999950826,9875040.043400000780821,6.2278199,3.8028009,3.5665326,1,358.955501269389629
212,4.381915604285212,825082.312199999578297,9878541.973500000312924,6.0068154,4.7999644,2.5654008,1,469.229020749600750
213,3.740087476899116,825081.360999999567866,9878531.922499999403954,6.0068154,4.7999644,2.5654008,1,467.585602338660522
214,4.770945216172423,825090.091199999675155,9878588.024100000038743,6.3188848,4.6485572,2.4746974,1,473.450872522831219
215,4.423171692610935,824854.228900000452995,9877845.320499999448657,7.8661056,1.3593102,1.9850104,1,632.022674471355117
216,3.554588450988826,825280.116899999789894,9878110.350999999791384,7.8065171,3.3313882,1.2818382,1,213.330260003366988
217,6.542183146320623,825328.478799999691546,9874857.134500000625849,6.7602110,2.8700824,3.6876895,1,302.471072608772261
218,6.069642352401304,825342.206799999810755,9874911.895700000226498,6.7602110,2.8700824,3.6955657,1,286.513319205743187
219,4.452530032459353,825358.327200000174344,9874805.686599999666214,6.7602110,2.8700824,4.3568087,1,280.375561021950205
220,7.059718279041978,825387.555200000293553,9874855.254899999126792,6.7602110,2.8700824,3.6009789,1,244.263836484037085
221,5.667385450447741,825438.620199999772012,9874787.083399999886751,7.3841000,2.8733885,4.1252470,1,203.632085636221490
222,4.954248068677530,825476.680700000375509,9874736.945399999618530,7.3841000,2.8733885,3.7897820,1,174.411334807849329
223,3.851180292948105,825539.559000000357628,9874749.822100000455976,7.3841000,2.8733885,3.5052490,1,110.242325503973206
224,4.279453980695944,825361.491799999959767,9874360.811899999156594,6.7792768,3.0950086,5.6327257,1,303.979927586754968
225,3.560932903130861,825302.012299999594688,9874356.106599999591708,6.7792768,3.0950086,5.6267648,1,362.408014369465491
226,3.723271577976838,825368.060899999924004,9874586.204600000753999,8.0412560,2.6364501,5.2759123,1,308.002682754651687
227,3.515740004713632,825449.053899999707937,9874395.338400000706315,7.5074954,2.5557625,5.5092115,1,221.408223727163204
228,3.310723488725450,825549.598000000230968,9874631.441800000146031,7.1004243,2.5253770,3.6290379,1,121.385114521834510
229,4.458176021018811,825383.343299999833107,9873164.897099999710917,6.5366426,3.7009983,5.5252576,1,135.484107442412835
230,5.358217183942783,825272.838800000026822,9873138.294399999082088,6.4985380,3.4286394,5.9141941,1,247.843055738695227
231,4.307927150535448,825281.680800000205636,9873197.254499999806285,5.7748280,5.0054746,5.6979928,1,234.044665045834449
232,5.556318084380793,825173.079499999992549,9873180.938500000163913,5.7748280,5.0054746,5.8761649,1,343.636970224815059
233,4.713994629263951,825177.630099999718368,9873212.260099999606609,5.7748280,5.0054746,5.5759015,1,336.452842325938377
234,4.647383428741890,825238.893699999898672,9873182.360799999907613,5.7748280,5.0054746,5.6419396,1,277.938392596923620
235,4.290716640773710,825207.324500000104308,9873211.197300000116229,5.7748280,5.0054746,5.4733987,1,306.954813804942376
236,5.005681600917766,825246.520899999886751,9873211.119100000709295,5.7748280,5.0054746,5.4506221,1,267.905552654757855
237,3.304458934836951,825172.972000000067055,9873293.760999999940395,5.7748280,5.0054746,5.0746393,1,330.926955055777796
238,4.289322848127695,825195.113499999977648,9873237.799900000914931,5.7748280,5.0054746,5.3417811,1,316.330252522072158
239,2.936405566588625,825163.597199999727309,9873222.732599999755621,5.6563950,6.1661520,5.5759015,1,349.294683266242998
240,4.108810766438568,825117.524600000120699,9873216.501000000163913,5.6563950,6.1661520,5.7543359,1,395.771356416421895
241,5.083392815800350,825131.461600000038743,9873202.720100000500679,5.6563950,6.1661520,5.7543359,1,383.262918231727724
242,6.349059555806676,825506.437099999748170,9875690.327800000086427,6.9621749,3.4085765,2.8141022,1,133.911804517595073
243,5.222098069942273,825427.753800000064075,9875556.384400000795722,6.6116366,3.6923218,2.9490972,1,229.728360632523533
244,2.973487072933871,825498.952800000086427,9875564.413499999791384,6.6116366,3.6923218,2.7379613,1,158.746160592781337
245,3.520945895597041,825299.634300000034273,9875723.408800000324845,6.8647985,3.7480357,3.2585723,1,334.582529644974443
246,3.815497243894984,825299.496500000357628,9875756.692600000649691,6.8647985,3.7480357,2.7967486,1,330.128845821474613
247,3.872152853648778,825272.951100000180304,9875717.438500000163913,5.9252663,4.4870644,3.3887668,1,361.834129344791847
248,2.509368589624047,825511.517900000326335,9875894.565999999642372,6.3319683,3.8114841,2.7071652,1,100.268324482108397
249,5.329022628179997,825168.762699999846518,9875863.773099999874830,6.3648100,4.1398592,2.1260495,1,443.956897080741669
250,4.341570818579779,825199.896399999968708,9875804.929099999368191,6.3648100,4.1398592,2.1913834,1,421.715802627604944
251,4.816842038199504,825126.047699999995530,9875879.309299999848008,5.2860932,8.0118599,2.0025837,1,484.073698737595578
252,4.393156419269424,825096.650100000202656,9875884.320900000631809,5.2860932,8.0118599,1.9235796,1,512.479110652049712
253,4.029718672691318,825068.889499999582767,9875874.287799999117851,5.2860932,8.0118599,1.8437787,1,541.371638310725984
254,3.507031303627363,825262.687300000339746,9875897.099899999797344,6.3648100,4.1398592,2.9599948,1,346.289284015881549
255,4.931838077766670,825215.705799999646842,9876050.751599999144673,6.6192589,4.7767801,3.0980783,1,368.437883286611225
256,7.161456757917859,825181.440999999642372,9876060.559900000691414,6.6192589,4.7767801,2.7582543,1,400.438228931791741
257,4.163614633155209,825080.480100000277162,9875828.352800000458956,5.2860932,8.0118599,1.9580430,1,536.338798934849592
258,5.479417517563404,825130.484500000253320,9875841.147500000894070,5.2860932,8.0118599,2.0342615,1,485.027653964279978
259,2.983614320565875,824926.500599999912083,9875768.423399999737740,5.5285606,7.0115347,2.9869735,1,697.502118944266840
260,2.121129476183138,824833.370500000193715,9875826.433199999853969,6.8288150,2.1674371,2.8723443,1,781.272426396512174
261,2.305535453142701,824838.172299999743700,9875788.490900000557303,6.8755417,2.0723524,3.3098240,1,781.876355642653380
262,2.167699817692359,824854.050499999895692,9875734.997899999842048,6.8755417,2.0723524,3.3413796,1,774.109015909641471
263,3.037493414922138,824750.082200000062585,9875757.130100000649691,6.5559549,2.1510003,3.1365123,1,873.643937558887274
264,4.133080354771032,824594.149600000120699,9875826.622199999168515,6.8702111,2.6138082,2.9952204,1,1018.107033914740782
265,4.900735619535064,824551.911199999973178,9875810.181299999356270,6.8702111,2.6138082,2.8307028,1,1062.232364401577570
266,4.239725423876712,824877.836000000126660,9875587.002900000661612,7.6425948,0.7595815,2.8018398,1,770.123592753494790
267,3.183193757599555,824843.055700000375509,9875659.488800000399351,7.6425948,0.7595815,3.2887895,1,795.613620865657822
268,3.391696307789988,824670.859299999661744,9875822.471300000324845,5.7735963,4.3499398,2.7422605,1,942.735639665292069
269,8.175827623355689,824367.790500000119209,9875505.424399999901652,4.8917704,10.4974680,1.9278729,1,1286.091833151652736
270,4.875441447232588,824223.694899999536574,9875494.426899999380112,5.2236300,9.3396158,0.8376307,1,1430.513605442852622
271,9.543935248078611,824096.741999999620020,9875343.321799999102950,5.5615950,8.5034838,0.6886210,1,1561.741738393184278
272,5.946221636129065,824159.149100000038743,9875393.453400000929832,5.5615950,8.5034838,0.9802691,1,1504.691422106337541
273,6.870599981931890,824269.330199999734759,9875306.180099999532104,5.2746253,11.0878258,1.2628388,1,1386.474459709767643
274,4.744714536915394,824331.513799999840558,9875334.768799999728799,5.2656465,9.0932322,1.4416891,1,1327.175015173358815
275,6.110925050814306,824178.781100000254810,9875360.619799999520183,5.2746253,11.0878258,1.0678577,1,1481.655105846672768
276,7.770858137392852,824353.912899999879301,9875271.792700000107288,4.8691530,11.5026407,1.4741675,1,1299.094365689950337
277,6.670852246719547,824339.297100000083447,9875240.171800000593066,4.8691530,11.5026407,1.5598775,1,1310.748398386349891
278,1.581178294595624,824563.115399999544024,9875362.337700000032783,5.7768297,6.6908784,2.3432422,1,1099.986373274603466
279,2.898929044445028,824588.399000000208616,9875500.813899999484420,5.2467251,9.6147461,2.6160700,1,1067.381693349344232
280,6.270986915890699,824455.794099999591708,9875543.144899999722838,5.5406404,8.6361685,2.3320761,1,1194.422940000794142
281,2.972326867561629,823623.223699999973178,9873904.459499999880791,7.8112664,0.8919176,3.3126478,1,1875.392350905953435
282,4.195248789744123,823468.920800000429153,9873810.191299999132752,7.9542747,0.5459648,2.5070601,1,2014.603213773918242
283,5.281949704389683,824347.630499999970198,9875194.451999999582767,4.8691530,11.5026407,1.9093716,1,1298.907507959929262
284,3.664898377779651,824314.112300000153482,9875086.425000000745058,5.4551973,6.4292550,2.8432043,1,1325.560198348821359
285,4.106818740836939,824400.113800000399351,9875077.304500000551343,5.4551973,6.4292550,3.2352433,1,1239.155173730114711
286,6.719289986714569,824542.174300000071526,9875000.207000000402331,5.2063160,9.2475519,3.7207479,1,1091.046094487227492
287,5.806923312716937,824504.921199999749660,9874948.868000000715256,5.2063160,9.2475519,4.0885358,1,1124.607486110673790
288,5.425666614558293,824443.485899999737740,9874984.259500000625849,5.2063160,9.2475519,3.5820854,1,1188.058041491676931
289,4.111638803187109,824536.209999999962747,9874858.215399999171495,5.4036012,6.2636771,4.2128181,1,1092.800966243816447
290,3.878416490959022,824562.860199999995530,9874822.426000000908971,5.5063901,6.1064229,4.2085786,1,1068.064926850493066
291,5.296914846759803,824511.676099999807775,9874804.554300000891089,5.4036012,6.2636771,4.1963019,1,1120.461140803613489
292,4.972159518860045,824456.079199999570847,9874932.875900000333786,5.2063160,9.2475519,3.7248528,1,1172.799796247863242
293,5.829186044743315,824517.610899999737740,9874914.632999999448657,5.4036012,6.2636771,4.1727791,1,1110.857498772618101
294,4.072214702275002,824619.216099999845028,9874667.184699999168515,6.0316753,3.9301174,4.4923968,1,1031.761725166167935
295,3.193505515152181,824649.930700000375509,9874589.938100000843406,6.0316753,3.9301174,4.5972638,1,1014.119269488481677
296,3.615002983603611,824667.352599999867380,9874551.299000000581145,6.0316753,3.9301174,4.4027119,1,1003.934500631621518
297,3.974182522968746,824620.725999999791384,9874565.404400000348687,6.0316753,3.9301174,4.3164020,1,1047.261892523393726
298,5.904167207619955,824492.520700000226498,9874513.116900000721216,5.5247846,5.2122774,3.4656355,1,1182.783215868605566
299,2.790729604927429,824599.273699999786913,9874497.872800000011921,5.9703546,3.3337088,3.9704580,1,1077.341358607328857
300,4.576549463449260,824582.214900000020862,9874421.725400000810623,5.7152691,5.7890692,3.5480037,1,1084.770618457974479
301,5.442711318865132,824460.497800000011921,9874519.806600000709295,5.5247846,5.2122774,3.4656355,1,1213.079667055997788
302,5.571989186695894,824459.989599999971688,9874462.648499999195337,5.5247846,5.2122774,3.2688870,1,1211.144097126106317
303,5.525374150026241,824378.247899999842048,9874432.131899999454618,5.2366562,8.2010803,2.3079417,1,1288.553866870012826
304,4.800289443330746,824235.655899999663234,9874511.462500000372529,5.8625994,6.7920995,1.2262119,1,1435.753007668828332
305,5.491731188028258,824069.019299999810755,9874530.812799999490380,5.5149231,6.7707505,0.8523469,1,1596.322033885466908
306,6.302669930533254,824529.944600000046194,9874410.361800000071526,5.3977399,7.3419356,3.2981219,1,1135.385039544303709
307,4.270317094914362,824711.278300000354648,9874350.900900000706315,5.9778228,3.4548624,4.3179007,1,949.538579595437454
308,3.502075363018670,824683.267199999652803,9874418.137199999764562,5.9778228,3.4548624,4.1765962,1,984.058200383375038
309,5.495473122302418,824629.471499999985099,9874327.470000000670552,5.7152691,5.7890692,3.4694774,1,1030.025776585963513
310,4.321255395518613,824123.586799999698997,9874518.540500000119209,5.5149231,6.7707505,0.8603947,1,1544.719225238248555
311,6.438431104210674,824068.767799999564886,9874482.801500000059605,5.5149231,6.7707505,0.6233431,1,1601.833390427942959
312,6.313690521234612,824087.244400000199676,9874464.470799999311566,5.5149231,6.7707505,0.6233431,1,1581.348588968379772
313,5.213927621388992,824107.561999999918044,9874564.323100000619888,5.4865017,9.2315826,0.9739107,1,1552.947618347709749
314,4.163118744868669,824168.463399999774992,9874470.880400000140071,5.8625994,6.7920995,0.8377851,1,1501.427974580970613
315,3.150814624797277,823995.950199999846518,9874458.536499999463558,5.2581782,6.8096571,0.4099712,1,1671.491006328702042
316,5.335493046627734,823900.909799999557436,9874479.257500000298023,5.0577269,9.2952032,0.1674394,1,1768.181123521388145
317,4.962727823897499,823955.964999999850988,9874507.462899999693036,5.2581782,6.8096571,0.4014331,1,1711.693798445783614
318,3.751834458027279,825224.671299999579787,9873648.538699999451637,6.4925685,4.2171850,2.6004493,1,254.743115983084408
319,3.508958479618041,825254.804600000381470,9873802.720300000160933,6.1752925,5.1399097,2.6251643,1,287.897623727172800
320,3.968184128775245,824978.394700000062585,9874073.267599999904633,6.1742921,3.7994545,4.1831369,1,650.527917090747565
321,4.305654990926685,824974.411100000143051,9874270.364700000733137,7.8048458,1.1965331,4.9837308,1,684.578770329625172
322,6.158134536817503,825129.184000000357628,9874466.485500000417233,5.9437256,5.9255729,5.5076952,1,547.654422269433326
323,2.904375857458800,825031.027999999932945,9874526.258400000631809,7.6050334,1.3496447,5.8679419,1,650.323902833849161
324,4.839631906407166,824829.545800000429153,9874557.997700000181794,7.0617051,2.8461497,5.2234287,1,843.183345041187295
325,3.588327434254177,824901.486399999819696,9874259.459400000050664,6.6470418,2.1819162,4.3849401,1,757.817976183653855
326,6.091461314969488,824841.925300000235438,9874570.882400000467896,7.0617051,2.8461497,4.8797998,1,828.687424241681242
327,2.988129599691986,824814.832299999892712,9874950.824999999254942,8.0880480,0.4273118,3.2227507,1,815.280672682480372
328,4.017845793570865,824757.615000000223517,9875178.142300000414252,6.4413400,2.5900271,2.7369645,1,888.727808920279131
329,4.066277788475113,824938.791199999861419,9874587.687000000849366,7.3758483,1.6800342,5.3856430,1,730.378790646301695
330,5.276484581085716,825094.431599999777973,9875221.757300000637770,5.9030790,4.3307343,2.6440275,1,557.107765402921359
331,4.628032165933533,825146.067999999970198,9875216.305900000035763,5.9030790,4.3307343,2.6483996,1,505.189021149552218
332,2.129955053756981,824780.318900000303984,9875295.977199999615550,6.4413400,2.5900271,2.0290587,1,876.703727805289304
333,3.469143147946846,824716.576500000432134,9875317.609200000762939,6.3847718,2.6226695,2.1150558,1,942.268879902930621
334,3.732524662784099,824889.574199999682605,9875990.953099999576807,7.4419546,1.5453779,2.6594799,1,700.004925847367872
335,0.637032778997488,825496.129499999806285,9876247.958799999207258,7.4354339,3.8511674,3.1807723,1,67.875931483679750
336,3.273602886362430,825356.224399999715388,9876126.707699999213219,7.7599826,3.1253839,3.9980395,1,217.811945503190685
337,2.223831532519008,825215.864900000393391,9876168.349300000816584,6.6192589,4.7767801,3.3113127,1,351.373448125358323
338,4.564139455339832,825288.739500000141561,9876203.967900000512600,8.2165089,2.6841528,3.6153491,1,276.865594645560918
339,3.139120259941207,825383.463999999687076,9876258.892599999904633,7.8776612,3.0932128,3.0907643,1,180.011309251094076
340,3.137931167166752,825369.796199999749660,9876249.570499999448657,7.8776612,3.0932128,3.4734681,1,194.042531786568873
341,2.505386397228800,825393.950699999928474,9876248.934900000691414,7.8776612,3.0932128,3.4734681,1,169.933057270374377
342,1.645284321801129,825208.036799999885261,9876622.923900000751019,7.3294220,3.1590691,2.9477546,1,335.464011754230114
343,3.077539776654186,825104.662100000306964,9876239.051400000229478,6.3599300,3.9466722,2.8784237,1,459.385183875062125
344,2.413879139261407,825407.515599999576807,9876325.165599999949336,8.1599760,3.0410371,2.6350694,1,153.317042984460159
345,2.128525407988254,825046.478099999949336,9876972.223899999633431,6.4827857,3.8996825,1.6358789,1,472.870040816446647
346,2.606346801224178,825047.942300000227988,9876946.150000000372529,6.4827857,3.8996825,1.6358789,1,473.143489219549338
347,2.404342537940634,824486.626799999736249,9877119.615000000223517,7.7111249,0.6499046,2.1809301,1,1021.677080875949628
348,4.935534363796923,824279.810600000433624,9876786.416500000283122,5.6172619,5.8443007,4.7115612,1,1250.265277997160410
349,3.636533806939987,824262.659300000406802,9876781.675899999216199,5.6172619,5.8443007,4.6883926,1,1267.701733865465485
350,4.077945232573338,824240.866899999789894,9876775.646700000390410,5.6172619,5.8443007,4.5539007,1,1289.856851032183386
351,2.271556737407619,824266.746500000357628,9876756.781600000336766,5.6172619,5.8443007,4.8889408,1,1265.334421255603047
352,4.649390862811530,824252.610899999737740,9876809.525800000876188,5.1249280,7.3528256,4.3540397,1,1275.813113624170228
353,6.432346130157729,824274.196899999864399,9876874.760399999096990,5.1249280,7.3528256,3.5023212,1,1249.923927374481536
354,4.481507825955274,824435.563500000163913,9876841.722599999979138,6.6179495,4.0084500,3.7435682,1,1091.112362993551187
355,5.090357887644373,824399.798499999567866,9876832.070599999278784,5.1183214,7.7623949,4.2556243,1,1127.440189377885190
356,3.413611721415185,824294.962600000202656,9876707.370699999853969,5.6577539,6.4924884,5.3807421,1,1240.579498986432100
357,3.870336214595464,825219.656200000084937,9877242.090800000354648,7.1071320,3.5525410,2.3088410,1,282.124269182777198
358,2.909302880888275,825461.912600000388920,9877227.971699999645352,6.0857472,5.2717443,1.5275078,1,41.343612111415375
359,2.007347888265338,825509.690499999560416,9878643.009299999102950,6.7468791,4.0490928,2.6450927,1,81.747006657002359
360,1.575406620574741,825518.747700000181794,9878597.333399999886751,6.7468791,4.0490928,2.2905824,1,61.341168825331842
361,2.111773343387139,824769.855100000277162,9878760.740399999544024,6.2703528,2.5518377,3.3720160,1,827.144397886389811
362,3.307385127001003,824732.587700000032783,9878777.555199999362230,6.2703528,2.5518377,3.1778393,1,867.467664641258693
363,4.292574725852676,824326.246199999935925,9878759.145600000396371,5.8073688,4.7957788,3.9317155,1,1255.679449889237958
364,5.243635466268325,824501.553000000305474,9878806.920399999246001,5.5000701,5.9107585,2.9526618,1,1098.352212784376206
365,5.553264014306201,824465.082600000314415,9878806.200099999085069,5.5000701,5.9107585,3.3975465,1,1133.433094926073863
366,5.220410440321723,824255.805999999865890,9875529.918299999088049,5.2236300,9.3396158,1.2006421,1,1394.636040855719102
367,5.376094191583305,824222.825500000268221,9875568.221000000834465,5.6562967,7.4664645,0.6335413,1,1422.504117398348171
368,5.461171531703142,824184.254200000315905,9875587.431299999356270,5.6562967,7.4664645,0.7660096,1,1458.057568366544047
369,5.267614541357307,824125.185100000351667,9875593.930700000375509,5.2818274,9.3631954,0.3875010,1,1515.665917734122104
370,4.823898539900998,824173.671000000089407,9875602.896700000390410,5.6562967,7.4664645,0.7660096,1,1466.406810974518748
371,6.073302548594294,824203.405600000172853,9875625.737800000235438,5.6562967,7.4664645,1.0573244,1,1433.763105891408259
372,5.521030308847701,824114.937099999748170,9875610.857100000604987,5.2818274,9.3631954,0.5888010,1,1523.460231795686013
373,4.583193591697436,824128.699400000274181,9875707.211899999529123,5.7607355,9.0115557,1.0973479,1,1495.696778346297606
374,7.137034695725741,824072.695799999870360,9875654.360999999567866,5.2818274,9.3631954,0.6962322,1,1558.780788582406331
375,5.930147965499491,824123.718500000424683,9875655.261499999091029,5.2818274,9.3631954,0.8968635,1,1508.189006798246737
376,4.591078853934374,824155.052600000053644,9875733.973799999803305,5.7607355,9.0115557,1.4615296,1,1465.853834495843330
377,5.068889523691780,824118.534300000406802,9875735.983899999409914,5.7607355,9.0115557,1.2701503,1,1501.730254819457514
378,4.770429194243134,824150.540199999697506,9875755.724199999123812,5.7607355,9.0115557,1.8107644,1,1467.274194241834948
379,4.787428024600380,824201.904400000348687,9875779.604100000113249,5.6080508,7.6537671,1.9701142,1,1413.070780584045679
380,5.479304605614666,824083.341400000266731,9875804.427999999374151,5.3663688,8.7319040,1.4332047,1,1526.767154318315761
381,5.508594726202983,824120.062400000169873,9875823.176699999719858,5.3663688,8.7319040,1.8537098,1,1487.231890547859848
382,8.282632882278619,823988.114199999719858,9875843.880999999120831,5.0810375,8.4075851,1.2200212,1,1613.222257592090045
383,6.696708117666274,824074.980999999679625,9875857.182700000703335,5.3663688,8.7319040,1.5774827,1,1525.367352483872082
384,6.305314529041723,824085.702300000004470,9875893.719200000166893,5.3663688,8.7319040,1.7095858,1,1508.793020868366966
385,4.804517283085320,824135.991200000047684,9875958.208200000226498,6.0703230,4.2481208,2.8926351,1,1449.564221780594153
386,5.948745807942150,824028.263799999840558,9875928.405899999663234,5.4226031,8.2490520,1.7053216,1,1560.496032960070806
387,3.139648298754950,824064.537700000219047,9875955.729599999263883,6.0703230,4.2481208,2.1535141,1,1520.609502820492253
388,4.616178247522678,824000.821000000461936,9875977.363500000908971,5.4226031,8.2490520,1.8839869,1,1580.522390644312509
389,3.640759467327593,823992.464200000278652,9875957.393899999558926,5.4226031,8.2490520,1.6502094,1,1591.660951434135086
390,4.963998969472802,823977.542100000195205,9876056.092900000512600,6.3578181,5.8121037,2.0117118,1,1594.755360541951632
391,5.086811360021930,823974.541799999773502,9876064.917099999263883,6.3578181,5.8121037,2.0117118,1,1596.995662441259356
392,6.665105657036302,823950.224499999545515,9876063.848899999633431,6.3578181,5.8121037,1.4667976,1,1621.318859282146832
393,4.931612387078964,823963.005699999630451,9876075.119599999859929,6.3578181,5.8121037,2.0117118,1,1607.693889509034534
394,7.147712413825459,823937.186400000005960,9876138.915100000798702,6.3578181,5.8121037,2.1063421,1,1629.940955216564362
395,5.174425720440361,823934.814399999566376,9876173.269300000742078,6.3578181,5.8121037,2.2911561,1,1630.931088978763682
396,6.606240328882548,823907.655399999581277,9876193.256200000643730,5.6337814,7.1277609,2.2052805,1,1657.265328663554556
397,5.412405891481161,823889.954300000332296,9876232.864199999719858,5.6337814,7.1277609,2.3747892,1,1673.361154175265483
398,6.086925529536758,823842.469100000336766,9876287.685200000181794,5.6337814,7.1277609,1.5741187,1,1718.605960453699936
399,2.574728500389888,823947.474700000137091,9876337.470499999821186,6.4827585,3.1092002,3.0899727,1,1611.685313937223100
400,3.096131573355541,823834.916000000201166,9876403.469000000506639,6.5248327,2.8458974,2.1389282,1,1720.417141082334183
401,3.807802331573034,823848.563099999912083,9876374.053400000557303,6.5248327,2.8458974,2.4129894,1,1708.823126786255443
402,2.987327668798121,823914.586900000460446,9876429.007899999618530,5.8783221,3.7342846,2.9989054,1,1639.179958032654895
403,3.543741860024964,823958.929600000381470,9876376.888599999248981,6.4827585,3.1092002,3.9908888,1,1598.522602978911209
404,4.824019780860411,823810.278099999763072,9876427.826600000262260,5.8783221,3.7342846,1.8242263,1,1743.323471423154842
405,4.846251334537468,823705.300300000235438,9876508.061100000515580,5.7525091,4.8049836,1.6592360,1,1842.541163294501075
406,2.691691974055479,823759.720599999651313,9876535.641000000759959,5.7525091,4.8049836,1.9883127,1,1786.354706707351397
407,3.878210907965419,823733.061900000087917,9876589.806099999696016,5.6163239,5.0580716,2.0557287,1,1809.229296405778314
408,3.116295278933202,823741.143199999816716,9876620.314799999818206,5.6163239,5.0580716,2.3485715,1,1799.071150911806171
409,4.974771141924926,823657.867700000293553,9876642.462700000032783,5.8475862,4.3661451,1.8242388,1,1880.628348886273670
410,4.822540726684522,823582.579800000414252,9876664.125499999150634,5.8475862,4.3661451,1.6401286,1,1954.250144710851828
411,4.205907321689888,823693.426699999719858,9876691.179099999368191,6.0957580,3.5015647,2.1759450,1,1841.806559122322142
412,3.864973629704906,823692.859500000253320,9876714.194099999964237,6.0957580,3.5015647,2.1759450,1,1840.791295481056977
413,6.883637035508758,823591.726900000125170,9876695.767300000414252,6.0775361,3.2943287,1.7285491,1,1942.950873663404764
414,2.778300121543666,823703.079400000162423,9876780.474999999627471,6.0957580,3.5015647,2.4875538,1,1826.048253907921435
415,2.493283828411071,823723.821100000292063,9876769.832299999892712,6.0957580,3.5015647,2.4875538,1,1806.080518254670096
416,3.947901744111658,823617.871399999596179,9876816.633700000122190,5.9973636,3.4608212,2.0801144,1,1908.662298042210068
417,5.680953783056133,823569.712399999611080,9876740.343599999323487,6.0775361,3.2943287,1.8014767,1,1961.850983491397301
418,3.708516475060822,823648.407300000078976,9876836.485700000077486,5.9973636,3.4608212,2.2948294,1,1876.873497972394716
419,3.989839101022429,823616.254300000146031,9876831.106300000101328,5.9973636,3.4608212,2.0801144,1,1909.313115949557641
420,4.359130584067758,823577.833499999716878,9876853.712500000372529,5.9973636,3.4608212,1.8580537,1,1946.145082307995153
421,4.536216614241977,823568.125699999742210,9876868.386800000444055,5.9973636,3.4608212,1.8580537,1,1954.855263838421024
422,2.660581626459347,823604.264700000174344,9876905.422700000926852,5.9973636,3.4608212,2.0501547,1,1916.332720678387204
423,4.757517566345693,823558.952399999834597,9877025.878699999302626,6.0817561,4.3775158,1.5937910,1,1953.532068843880779
424,2.790998574575434,823617.354600000195205,9877078.440300000831485,6.3741260,2.8441169,1.9643669,1,1891.762883422176856
425,3.772717367160409,823765.491700000129640,9877060.722599999979138,6.8346124,1.7253799,2.7907343,1,1745.132442740307852
426,4.163803329656501,823658.996299999766052,9877137.924900000914931,6.3741260,2.8441169,2.5023167,1,1845.917085541338793
427,3.097865771070551,823570.954699999652803,9877107.280500000342727,6.3741260,2.8441169,2.2559805,1,1936.141599010440359
428,4.407165375737615,823505.112300000153482,9877136.146500000730157,5.4481263,5.2992997,2.0532680,1,1999.244775046425957
429,3.878048288605760,823548.452499999664724,9877228.341700000688434,5.9409237,3.5708649,2.3177416,1,1947.145037490500954
430,4.015426079195017,823496.301099999807775,9877204.538499999791384,5.4980488,5.8561792,2.1950784,1,2001.363884938341926
431,3.650233342059755,823586.485100000165403,9877201.346499999985099,5.9409237,3.5708649,2.4251387,1,1911.917642297623843
432,3.788076414588484,823505.652700000442564,9877253.007099999114871,5.4980488,5.8561792,2.2363038,1,1987.343587677746427
433,3.884809435183305,823494.529299999587238,9877264.062799999490380,5.4980488,5.8561792,2.2363038,1,1997.339235531536815
434,4.531421349862094,823500.717299999669194,9877292.536900000646710,5.4980488,5.8561792,2.2723410,1,1988.411781302337431
435,2.746710367981156,823461.028099999763072,9877176.145800000056624,5.4980488,5.8561792,1.9752144,1,2039.230593324203483
436,3.905964139473842,823579.040400000289083,9877307.305299999192357,6.1759553,2.6950879,2.4768057,1,1909.023788982593715
437,3.883947290148133,823600.009700000286102,9877282.756300000473857,5.9409237,3.5708649,2.5008156,1,1890.540967885905729
438,3.764757692480996,823606.378700000233948,9877304.752199999988079,6.1759553,2.6950879,2.4982543,1,1882.063301781063501
439,4.486869928725127,823633.885900000110269,9877347.390900000929832,6.1759553,2.6950879,2.5456562,1,1850.638879398190966
440,3.381905635696095,823471.461600000038743,9877344.029100000858307,5.8721595,4.0319738,2.1865721,1,2012.769045138571300
441,3.457014644391828,823535.081600000150502,9877366.339199999347329,5.8721595,4.0319738,2.4439077,1,1947.614794291864655
442,3.381007571600433,823560.069699999876320,9877387.190899999812245,6.1759553,2.6950879,2.5090041,1,1921.266725717131294
443,3.114293771686074,823434.257799999788404,9877374.656600000336766,5.8721595,4.0319738,2.0521932,1,2047.623709906722979
444,2.623070652336301,823421.259800000116229,9877397.346000000834465,5.8721595,4.0319738,2.0521932,1,2059.246778527427523
445,2.697288128631634,823504.633500000461936,9877423.210100000724196,5.8721595,4.0319738,2.3535235,1,1974.715565541289152
446,1.992721267660565,823557.021200000308454,9877495.642100000753999,6.5420504,2.5448689,2.4695382,1,1920.534491578045845
447,2.489578327510961,823512.069799999706447,9877500.993599999696016,6.0906949,4.2634220,2.3471971,1,1965.457681022943234
448,2.240632469381069,823529.542999999597669,9877465.882999999448657,6.0906949,4.2634220,2.4807367,1,1948.433147631603333
449,2.665880662384864,823522.869699999690056,9877515.668199999257922,6.0906949,4.2634220,2.4695382,1,1954.657885892780314
450,3.424666687442678,823539.287800000049174,9877444.444800000637770,6.0906949,4.2634220,2.4784348,1,1939.278464417087434
451,2.377553509877991,823534.916400000452995,9877556.378200000151992,6.2919974,2.8293645,2.3459535,1,1943.191595367238961
452,1.795676629079402,823550.523299999535084,9877596.549100000411272,6.2011285,2.9363658,2.2314444,1,1928.654698062063062
453,2.698708261066248,823540.593700000084937,9877580.093399999663234,6.2919974,2.8293645,2.3459535,1,1938.143360774286521
454,3.704197819693493,823595.432300000451505,9877623.173800000920892,6.2011285,2.9363658,2.3224885,1,1884.469310223369803
455,2.766283979429515,823598.436200000345707,9877642.356399999931455,6.2011285,2.9363658,2.2503462,1,1881.976387147270316
456,3.308696578738073,823590.059899999760091,9877674.857300000265241,6.2011285,2.9363658,2.0453727,1,1891.213672191828209
457,3.272632343606863,823659.437300000339746,9877661.910499999299645,6.2011285,2.9363658,2.3726885,1,1821.516633750764186
458,2.986972365142581,823630.496799999848008,9877693.922700000926852,5.9770479,4.2978787,2.1290781,1,1851.297861335513744
459,2.568406792536406,823678.473299999721348,9877735.592299999669194,7.2993956,1.1762356,2.3781445,1,1804.445983785324643
460,3.209050795953467,823651.589599999599159,9877718.103599999099970,5.9770479,4.2978787,2.2376122,1,1830.855296051334108
461,2.490983527762427,823545.010300000198185,9877700.455499999225140,5.9770479,4.2978787,1.8417678,1,1936.927809182643614
462,3.824646828219056,823579.889200000092387,9877731.326500000432134,5.9770479,4.2978787,1.8936431,1,1902.881852957257252
463,3.282438802929518,823533.041100000031292,9877735.218800000846386,6.2653332,3.1394949,1.6704812,1,1949.816864145589989
464,3.997719000869020,823554.685399999842048,9877775.620200000703335,5.9770479,4.2978787,1.5235342,1,1929.254170090932803
465,4.204786399727093,823522.713499999605119,9877775.489399999380112,6.2653332,3.1394949,1.4783320,1,1961.211295271364406
466,4.708643872431328,823515.202200000174344,9877784.255499999970198,6.2653332,3.1394949,1.4783320,1,1968.952963112140651
467,4.454251709930269,823545.505199999548495,9877793.414699999615550,5.9770479,4.2978787,1.5235342,1,1938.904142802949309
468,3.706275900771787,823540.122700000181794,9877817.465199999511242,5.6012506,5.3092647,1.6534181,1,1944.924055657599865
469,4.156535334909159,823511.961099999956787,9877809.233200000599027,5.6012506,5.3092647,1.4954084,1,1972.856879674256334
470,4.065332741262465,823485.123300000093877,9877826.013499999418855,5.6012506,5.3092647,1.2840255,1,2000.131253088884250
471,3.027377882774895,823483.316999999806285,9877849.975099999457598,5.6012506,5.3092647,1.2885971,1,2002.573866505359092
472,2.675776915587627,823533.140300000086427,9877853.473999999463558,5.6012506,5.3092647,1.7274500,1,1952.861180912198506
473,2.870638152072987,823567.576200000010431,9877880.521199999377131,5.7416382,3.6015136,1.6582085,1,1919.156423181808123
474,3.012558131692793,823603.821800000034273,9877869.380599999800324,5.7416382,3.6015136,1.9364408,1,1882.627489743255865
475,3.284574158170747,823651.235000000335276,9877868.319599999114871,5.7416382,3.6015136,2.0225191,1,1835.202840386444450
476,3.129662080871073,823650.545400000177324,9877877.849700000137091,5.7416382,3.6015136,1.8301421,1,1836.145527593614815
477,2.599865846842130,823645.973799999803305,9877891.667099999263883,5.7416382,3.6015136,1.8301421,1,1841.082808829133455
478,2.848967521115510,823506.985899999737740,9877913.217900000512600,5.6012506,5.3092647,1.4231271,1,1980.594462222646143
479,3.148957698871985,823527.806699999608099,9877932.341499999165535,6.0233865,3.8705564,1.5968268,1,1960.289366733262568
480,2.755027719384089,823487.331899999640882,9877942.060300000011921,6.0233865,3.8705564,1.4816245,1,2001.008211152697641
481,2.740044512539272,823447.599600000306964,9877904.032600000500679,5.6012506,5.3092647,1.0741982,1,2039.715611607704659
482,2.805708540621754,823500.365600000135601,9877954.649499999359250,6.0233865,3.8705564,1.5237991,1,1988.313765309271275
483,2.925613538050137,823487.620099999941885,9877992.093699999153614,6.0233865,3.8705564,1.5614244,1,2002.050110134301121
484,2.663017506049444,823483.820299999788404,9877969.779699999839067,6.0233865,3.8705564,1.3920714,1,2005.255412507276787
485,3.212171871412180,823454.180599999614060,9878013.201199999079108,6.0233865,3.8705564,1.4335555,1,2036.038877149946984
486,3.610795736675076,823462.315899999812245,9878005.461200000718236,6.0233865,3.8705564,1.4335555,1,2027.700705791611654
487,3.805784119921744,823498.040599999949336,9878056.775800000876188,6.1336870,3.4946406,1.5984108,1,1993.352684021196637
488,2.594128794215679,823468.230000000447035,9878050.542700000107288,6.1336870,3.4946406,1.4554555,1,2022.987060463437956
489,2.941776323734417,823534.027700000442564,9878040.712400000542402,6.0233865,3.8705564,1.7343783,1,1956.951300451452653
490,3.052556020475075,823534.226700000464916,9878023.890799999237061,6.0233865,3.8705564,1.7343783,1,1956.305215873152974
491,3.784503479215943,823532.540599999949336,9878065.679099999368191,6.1336870,3.4946406,1.7710261,1,1959.101544418579351
492,3.960176548402594,823532.993999999947846,9878077.353000000119209,6.1336870,3.4946406,1.7710261,1,1958.958622416272647
493,3.547617590170187,823525.200799999758601,9878089.338899999856949,6.1336870,3.4946406,1.7710261,1,1967.067679965296293
494,4.177169838728855,823477.197200000286102,9878097.543999999761581,6.1336870,3.4946406,1.3962424,1,2015.272426486892527
495,2.788243541015907,823565.645899999886751,9878084.572000000625849,7.1531448,1.3338100,1.9002602,1,1926.510157377191263
496,3.323310761801268,823537.833800000138581,9878119.107599999755621,6.1336870,3.4946406,1.7322205,1,1955.230461190371898
497,3.503512894357487,823502.202200000174344,9878135.858300000429153,6.1336870,3.4946406,1.5834545,1,1991.294740318427102
498,3.668528147143070,823534.461099999956787,9878160.676100000739098,6.1336870,3.4946406,1.7365223,1,1959.706950979159728
499,3.760784133120896,823492.793200000189245,9878189.754000000655651,5.9612665,3.6665230,1.5744981,1,2002.133080989657628
500,2.875820999390177,823535.222199999727309,9878210.689500000327826,5.9612665,3.6665230,1.7482743,1,1960.275585425758663
501,3.172781872133240,823463.743999999947846,9878182.669399999082088,5.9612665,3.6665230,1.3948888,1,2030.983691756360486
502,3.537153991799942,823489.213399999774992,9878210.452500000596046,5.9612665,3.6665230,1.5510136,1,2006.261827376080646
503,3.645750047039271,823536.320500000379980,9878228.446000000461936,5.9612665,3.6665230,1.7482743,1,1959.649680114347802
504,3.574294111895375,823501.416500000283122,9878254.652100000530481,5.9612665,3.6665230,1.5554376,1,1995.237961554329559
505,3.241991352812597,823540.336000000126660,9878261.190799999982119,5.9612665,3.6665230,1.7171801,1,1956.506027428244352
506,4.853347652533706,823549.949699999764562,9878291.769300000742078,6.2599120,3.2139571,1.6722140,1,1947.708567981773285
507,3.854615729613409,823490.571399999782443,9878306.548100000247359,5.8522201,3.5177412,1.5087957,1,2007.458738356052891
508,4.304123367963627,823539.320000000298023,9878339.721000000834465,5.8522201,3.5177412,1.6867931,1,1959.632562231090560
509,5.063408560455762,823500.090499999932945,9878348.692399999126792,5.8522201,3.5177412,1.5198157,1,1999.139884987142295
510,4.401630999260426,823550.374400000087917,9878397.946200000122190,6.1050568,3.5502267,1.6508667,1,1951.294188843360416
511,4.692379083470409,823543.833999999798834,9878435.665999999269843,6.2677827,3.3233197,1.6393954,1,1960.493575467778555
512,4.088990684635673,823511.681400000117719,9878443.387599999085069,6.1321020,2.9453406,1.4884458,1,1993.169414491035923
513,4.846917730249444,823507.039300000295043,9878383.084300000220537,5.8522201,3.5177412,1.5111750,1,1993.711082801629345
514,3.762838003606435,823513.086900000460446,9878483.330199999734759,6.1321020,2.9453406,1.4633836,1,1995.481268854396603
515,4.290825055822401,823514.271999999880791,9878515.085899999365211,6.1321020,2.9453406,1.4114231,1,1997.820754395541371
516,3.344534623889627,823550.168800000101328,9878510.704900000244379,6.2677827,3.3233197,1.5476633,1,1961.657721525446050
517,2.834467112504473,823549.311700000427663,9878540.249800000339746,6.2677827,3.3233197,1.4428461,1,1966.230041439909201
518,3.056533664495200,823581.630499999970198,9878533.604800000786781,6.2677827,3.3233197,1.5698436,1,1933.315116752931544
519,3.033262594135075,823517.536700000055134,9878574.963199999183416,6.1706138,2.8392363,1.2694230,1,2002.577415309223625
520,2.843382562759400,823482.310200000181794,9878565.564200000837445,6.1706138,2.8392363,1.1232500,1,2036.072857023932784
521,3.375375719692559,823575.462899999693036,9878596.903599999845028,5.9530654,3.1163843,1.4579686,1,1948.779655712218073
522,3.295922091411729,823566.440399999730289,9878553.999600000679493,5.9530654,3.1163843,1.5698436,1,1951.152678371047386
523,4.069432004784582,823525.827600000426173,9878609.774700000882149,6.1706138,2.8392363,1.3044058,1,1999.857213127737623
524,3.335211976680904,823492.321600000374019,9878612.690500000491738,6.1706138,2.8392363,1.2064961,1,2033.384489565727790
525,3.689637494808558,823574.499699999578297,9878635.990000000223517,5.9530654,3.1163843,1.3255357,1,1956.501805215703143
526,3.062908086363292,823526.260900000110269,9878666.050400000065565,6.1706138,2.8392363,1.2406461,1,2009.532776183147917
527,3.504360376641340,823508.836000000126660,9878644.788499999791384,6.1706138,2.8392363,1.1416003,1,2022.669748403892527
528,3.504955630685017,823576.784900000318885,9878713.999399999156594,5.8938031,3.6791437,1.1851655,1,1970.036252538298868
529,4.240240948160496,823594.472000000067055,9878726.542700000107288,5.8938031,3.6791437,1.1851655,1,1955.629934722117468
530,3.680808520347186,823513.775100000202656,9878707.537000000476837,6.0932636,3.1221197,0.9856204,1,2030.154898151656425
531,3.886932122164163,823555.436900000087917,9878745.901699999347329,5.8938031,3.6791437,1.0088779,1,1998.088775252673940
532,3.772806429405677,823525.421500000171363,9878783.792400000616908,6.0932636,3.1221197,0.8971453,1,2036.359910139147814
533,4.218571939760421,823654.736999999731779,9878755.528400000184774,5.8938031,3.6791437,1.2464730,1,1904.082353466037603
534,3.634227357853265,823611.056499999947846,9878738.913000000640750,5.8938031,3.6791437,1.2598855,1,1942.388923497750511
535,3.663183261632469,823620.801500000059605,9878776.158900000154972,5.8938031,3.6791437,1.1812199,1,1942.138530184172168
536,3.241748086086568,823653.303000000305474,9878803.243599999696016,5.8684916,3.5995238,1.1543620,1,1917.618674623281777
537,5.482857657558323,823708.026499999687076,9878817.178799999877810,6.0886021,3.4970944,1.5361470,1,1868.258213800708063
538,4.942077594043079,823558.262199999764562,9878811.921599999070168,5.8684916,3.5995238,0.8971453,1,2011.730149035234945
539,4.939373112036818,823697.980499999597669,9878782.940600000321865,5.6082292,5.0600677,1.2128639,1,1869.240761995179582
540,4.420504565111418,823713.035500000230968,9878744.715800000354648,5.6082292,5.0600677,1.3574309,1,1844.939839353668958
541,5.161237402972390,823783.734699999913573,9878837.563300000503659,6.0886021,3.4970944,1.9653693,1,1800.251551684511696
542,2.545083278788218,823847.800300000235438,9878708.122500000521541,6.1175113,3.2603016,2.1696923,1,1705.301926077340795
543,4.668635836204357,823850.601400000043213,9878783.706900000572205,6.1175113,3.2603016,2.2389147,1,1721.861422591516884
544,3.603988214394029,823754.854799999855459,9878783.554500000551343,5.6082292,5.0600677,1.6627318,1,1814.403465186650692
545,2.556573027934175,823608.532399999909103,9878819.719799999147654,5.8684916,3.5995238,0.9740793,1,1965.110712754644965
546,4.129819100982156,823641.745600000023842,9878834.048699999228120,5.8684916,3.5995238,1.0460931,1,1936.649751605199526
547,5.215005719723706,823678.239299999549985,9878858.286699999123812,6.0886021,3.4970944,1.3049752,1,1907.543736264671224
548,3.171440861803780,823574.912200000137091,9878882.473799999803305,5.8684916,3.5995238,0.3732769,1,2013.622611768700381
549,3.752507226487558,823605.143600000068545,9878870.412100000306964,5.8684916,3.5995238,0.7205451,1,1981.314829941672770
550,5.152879437228990,823871.784500000067055,9878871.763299999758601,5.2917528,7.9682603,2.1603053,1,1723.834520316088856
551,5.808615451316729,823784.088499999605119,9878860.722899999469519,6.0886021,3.4970944,1.9087993,1,1805.815524555928505
552,5.776186344165471,823604.399799999780953,9878933.086200000718236,6.0656805,3.1926992,0.1763040,1,1998.016953496644646
553,4.859869440615273,823656.126799999736249,9878935.469399999827147,6.0656805,3.1926992,0.6935586,1,1948.607970575088984
554,4.157526457518624,823762.968200000002980,9878963.965600000694394,5.4655232,6.6720328,1.2860911,1,1852.566088537052792
555,4.550438646913696,823590.448200000450015,9879019.549200000241399,6.0656805,3.1926992,0.1024133,1,2033.556741217100580
556,5.482451451540103,823643.735899999737740,9879036.939200000837445,6.0656805,3.1926992,0.5267351,1,1986.465638446196181
557,4.905904183721443,823545.342299999669194,9878979.782199999317527,6.0656805,3.1926992,0.0000000,1,2067.030061462329741
558,3.228596230563451,823575.154000000096858,9879081.380100000649691,6.2284737,2.7798996,0.3112646,1,2064.113151658913921
559,4.112218974061507,823584.224499999545515,9879105.604299999773502,6.2284737,2.7798996,0.3269576,1,2061.520117219016356
560,5.056263775752254,823551.206199999898672,9879118.600600000470877,6.2284737,2.7798996,0.0102344,1,2096.760993317382599
561,3.975847216589870,823747.411000000312924,9879074.347500000149012,6.5205283,2.3084948,0.7899232,1,1895.758098878208784
562,6.147452909692384,823807.304200000129640,9879141.666099999099970,6.0267396,3.6220555,0.8086196,1,1855.020643092001819
563,4.494882757814739,823850.736600000411272,9879136.530600000172853,6.0267396,3.6220555,1.0938250,1,1811.743657264596777
564,4.305878364306899,823786.156899999827147,9879205.115100000053644,6.1469045,3.5217779,0.7728997,1,1892.639109455358721
565,3.734089976502310,823770.901499999687076,9879168.796499999240041,6.5205283,2.3084948,0.7359906,1,1897.263086167280335
566,4.558471941261150,823738.053000000305474,9879202.627900000661612,6.1469045,3.5217779,0.6071528,1,1938.084985224412776
567,4.199236865531013,823696.103900000452995,9879175.163499999791384,6.1469045,3.5217779,0.5391012,1,1971.101569993912562
568,4.830743945567360,823558.172500000335276,9879161.368100000545382,6.2284737,2.7798996,0.0644256,1,2100.931430636650020
569,4.985790471990606,823594.572300000116229,9879213.687000000849366,5.6358461,4.9963222,0.2754067,1,2079.182198851622616
570,3.115957574268939,824125.210400000214577,9879075.817500000819564,5.6750984,5.0206132,2.2260091,1,1530.996057298447795
571,4.386676205671268,824062.774899999611080,9879120.404300000518560,5.6750984,5.0206132,1.8499460,1,1603.348891213376419
572,3.431146609784296,824059.360500000417233,9879027.706299999728799,6.1129971,4.1334214,2.2174528,1,1582.228394981721294
573,4.662577821526442,824191.767799999564886,9878956.436300000175834,5.8238311,5.6029468,2.7459927,1,1436.023899015221104
574,5.136697650244801,824159.733599999919534,9878958.315199999138713,6.1129971,4.1334214,2.6446092,1,1467.478094628055715
575,6.625217298079326,824303.205900000408292,9878922.527599999681115,5.8809457,4.2581143,3.0711231,1,1319.623033166084724
576,4.183678058696663,823878.368900000117719,9879098.972899999469519,6.0267396,3.6220555,1.0893297,1,1775.409969468787722
577,3.823750622315244,824089.334300000220537,9878862.139399999752641,5.6488910,6.2887573,2.5560842,1,1511.023370610656457
578,2.203519179229581,824607.973299999721348,9878801.165899999439716,6.7206984,2.1972284,2.8192625,1,993.983021627809535
579,3.266439505641409,825364.512099999934435,9878719.413799999281764,6.6820579,3.7415791,3.8349147,1,241.609729768788611
580,2.954671670026289,825307.062699999660254,9878732.407700000330806,6.6820579,3.7415791,3.9463563,1,300.473322477756255
581,2.295968223340028,825303.883200000040233,9878724.593599999323487,6.6820579,3.7415791,3.9463563,1,301.554975168415410
582,3.143337605126451,825374.494800000451505,9878662.823599999770522,7.3066421,3.2201560,3.2744992,1,217.525667753900251
583,3.289277285314621,825380.980200000107288,9878932.705099999904633,6.6681900,3.7490931,5.4833364,1,334.682706039055176
584,4.226775388383998,825256.328800000250340,9878880.809599999338388,7.1955318,4.0187163,4.7900071,1,406.369697657699817
585,5.935352432733045,825119.028300000354648,9878671.827400000765920,6.3188848,4.6485572,3.0880995,1,466.841732867600285
586,2.988640970592788,825149.896700000390410,9879056.454199999570847,7.6401711,0.7745081,5.2582541,1,594.574541333024854
587,1.728629760689284,825027.361200000159442,9879048.338600000366569,7.3454576,1.3468075,4.6668396,1,689.707842330113976
588,3.211958931787218,824805.637500000186265,9878959.499299999326468,7.8691049,0.4437409,4.3675785,1,847.399810850358108
589,2.427875716856170,824920.695500000379980,9878736.594799999147654,7.3467360,1.6708521,3.4059696,1,675.133749252875305
590,2.883558402142927,824988.424800000153482,9878586.666200000792742,7.8086252,0.9438178,2.3765395,1,571.409565214067698
591,2.400527101515766,824960.051799999549985,9878620.356300000101328,7.8086252,0.9438178,2.6918972,1,607.435985933821826
592,2.417115611482994,824969.214599999599159,9878685.359899999573827,7.3467360,1.6708521,2.8941057,1,615.153114222624254
593,4.093004912169812,825031.279600000008941,9878583.188999999314547,7.8086252,0.9438178,2.4259069,1,529.084941182488706
594,2.334659137519142,825446.481499999761581,9878624.908500000834465,6.7468791,4.0490928,2.7648671,1,138.250113521845606
595,3.965373738498908,823671.590800000354648,9877530.756300000473857,6.0808749,3.9228985,2.7333181,1,1806.062278944353920
596,3.801273997136102,823712.750099999830127,9877601.906899999827147,6.4004011,2.1806688,2.8093343,1,1766.627645977155680
597,2.554049035905058,823713.111399999819696,9877619.578700000420213,6.4004011,2.1806688,2.8093343,1,1766.736228722401620
598,4.133835125410971,823788.626500000245869,9877589.998199999332428,6.4004011,2.1806688,3.0140762,1,1690.461499046989275
599,2.952796988004916,823798.560899999924004,9877638.702700000256300,5.9270592,4.4078112,2.9771051,1,1681.825281627930963
600,2.032748772130992,823812.043100000359118,9877616.790400000289083,5.9270592,4.4078112,3.0861597,1,1667.765368982948530
601,4.853597100245888,823972.619599999859929,9877615.512800000607967,5.5585642,5.5279422,3.1633890,1,1507.211650298099812
602,2.332131027912763,824700.582100000232458,9878026.475199999287724,7.9341159,1.0750123,1.7881898,1,790.430668411410466
603,2.556475356581732,824757.614599999971688,9878054.385099999606609,7.7618713,1.2412215,1.6817228,1,734.160228065170600
604,6.369439888950507,824978.225399999879301,9878062.997800000011921,7.2014346,2.3971989,1.4217788,1,513.856329418172322
605,9.540491754080836,825052.776200000196695,9878228.635299999266863,6.9892941,4.4381304,1.4836574,1,443.734880160380783
606,5.311354574297813,824918.357900000177324,9878290.376599999144673,8.1284075,1.7999051,1.1520592,1,579.746899650899422
607,7.059475472596320,824978.058500000275671,9877940.356399999931455,6.4282374,3.7771530,1.3847200,1,510.763093944259595
608,7.934661636045319,824973.548299999907613,9877879.531500000506639,6.5867672,3.5642614,1.7599561,1,513.654841380477933
609,4.360748450639436,824409.555800000205636,9878207.066600000485778,5.5630612,5.5546503,3.1850123,1,1086.154642985438386
610,3.968073355941685,825173.684200000017881,9878448.479100000113249,7.2328882,3.9098167,2.4665334,1,357.035480892685030
611,8.039303455791934,825133.292500000447035,9878441.229599999263883,6.0068154,4.7999644,2.4993317,1,394.242959834545672
612,4.947591803622499,825164.731800000183284,9878420.944800000637770,6.6468773,4.4594698,2.4665334,1,358.670190704644483
613,5.436733865697713,825305.566399999894202,9878275.503000000491738,6.4866023,4.3333292,1.6508595,1,192.279854230185265
614,3.546791915005372,824554.943500000052154,9878552.450999999418855,5.6200395,5.2193494,2.8932638,1,981.833135353712009
615,3.619149152014891,824530.116499999538064,9878549.105699999257922,6.0310898,3.4305475,2.9545426,1,1004.986168296361029
616,2.779923830994076,824383.158599999733269,9878532.033099999651313,6.3110757,3.1638863,3.0746973,1,1143.387226710559617
617,3.657322675526951,824594.392799999564886,9878602.841600000858307,5.6200395,5.2193494,2.5434682,1,956.538580559920092
618,3.217779137467225,824328.883100000210106,9878655.703800000250340,6.2151160,3.1855109,3.1218176,1,1226.750391054783449
619,2.516530344434431,824383.413399999961257,9878646.092299999669194,6.2151160,3.1855109,3.1688397,1,1171.571950513098727
620,3.287404910456144,824158.406999999657273,9878738.056700000539422,5.8731475,3.9550710,3.2144220,1,1412.591329066935714
621,3.323052609006994,824048.625199999660254,9878749.381200000643730,5.8731475,3.9550710,2.5559649,1,1521.631318832652141
622,3.583988127122326,823935.221199999563396,9878657.118799999356270,6.1399279,3.8712761,1.9371221,1,1608.075883677011689
623,3.905051216258199,824005.508399999700487,9878552.891499999910593,6.1399279,3.8712761,2.8371496,1,1517.567389556558510
624,3.440050441042915,824072.024500000290573,9878353.088300000876188,7.2567062,1.7553346,3.7443383,1,1427.930219944538067
625,2.801718646477569,823998.316800000146031,9878352.789799999445677,7.6642609,0.8111922,3.8084650,1,1501.526210090325776
626,2.213579950457493,824618.839599999599159,9878220.576500000432134,7.5875630,0.9483348,2.3727264,1,877.303920012190588
627,3.282962145763542,824781.164599999785423,9878288.873199999332428,7.6293068,0.7852036,1.6688249,1,716.851756169742544
628,7.215780058735136,825067.284400000236928,9878450.854199999943376,6.0068154,4.7999644,2.4531331,1,460.523047821141915
629,6.369173524529684,825010.205900000408292,9878460.570100000128150,7.7421842,1.4605197,2.5542400,1,518.192060311179716
630,2.587423129522241,824673.821800000034273,9878509.992699999362230,6.8522882,1.9618106,2.5386992,1,856.057779423654324
631,2.193204634413393,824703.075100000016391,9878173.155500000342727,7.7618713,1.2412215,1.9027748,1,791.837632365558079
632,3.643110673524981,823915.102900000289083,9877558.019899999722838,5.9270592,4.4078112,3.1582623,1,1563.179738736954278
633,3.444346040405234,823894.719999999739230,9877519.002199999988079,6.4817309,3.4330609,3.0772722,1,1582.829799193144481
634,4.323741783362215,824514.630300000309944,9877657.515200000256300,7.5921645,0.7497249,2.3797488,1,966.508995541054219
635,3.104067628121166,824436.090400000102818,9877663.527000000700355,7.5921645,0.7497249,3.0247400,1,1045.180948781140614
636,3.525850394317668,824803.885900000110269,9876309.221799999475479,5.9838276,4.8899832,3.5679612,1,757.100005294103312
637,3.500764414567915,823920.844600000418723,9877905.401399999856949,6.9200559,1.8654017,3.1540725,1,1566.674227292604201
638,3.742602571120995,823779.794300000183284,9878084.120799999684095,6.8213067,1.8017724,2.4542737,1,1712.425436844591331
639,4.471279517017118,824319.548799999989569,9872234.947300000116229,8.1024551,0.5229242,6.5381355,1,1255.173542467700827
640,3.495919271722664,824345.990600000135601,9873847.834599999710917,7.1440067,2.7347271,5.5251603,1,1155.611358571196206
641,3.935179656941704,823873.274199999868870,9873849.757600000128150,7.6731586,0.6235742,3.9357455,1,1619.705335481100064
642,3.413292922366487,823901.063299999572337,9873981.832200000062585,8.1468992,0.4651792,3.8225276,1,1619.651952705284657
643,6.550909601622541,823942.886199999600649,9874217.949300000444055,5.1679182,10.2090340,0.8572395,1,1654.599184999997306
644,4.166433878166694,824106.764100000262260,9874080.161699999123812,6.6446590,5.1987929,2.5348835,1,1451.830062415541988
645,4.021408724138285,824283.137799999676645,9873990.801000000908971,6.8316789,2.7610025,4.0403886,1,1255.744898694692210
646,4.187843215965161,823557.593999999575317,9873556.107300000265241,5.2470245,9.0059090,2.2241998,1,1905.690219499809473
647,3.289052830270495,824280.337700000032783,9873298.376000000163913,6.2420316,4.6145706,6.5194407,1,1203.404518035566298
648,3.241091151525281,824916.258399999700487,9875233.931399999186397,6.5277867,2.8239427,2.3613386,1,735.646558863120049
649,4.175477315584621,825093.247100000269711,9875361.641599999740720,5.7430472,4.5389438,1.7576746,1,578.578542379032911
650,2.716648688613174,825386.771999999880791,9875868.668700000271201,6.5381618,3.3059320,2.9822955,1,227.452558488260621
651,3.575586534420738,825297.730700000189245,9875864.321499999612570,6.5381618,3.3059320,3.0752985,1,316.184272467321705
652,3.670359389096522,825305.922199999913573,9875803.747300000861287,6.5381618,3.3059320,2.6092567,1,317.038347576459728
653,3.462253440943461,825388.663499999791384,9875697.611800000071526,6.8647985,3.7480357,3.2683251,1,249.961686868172961
654,3.639603739159847,825442.168999999761581,9875704.971799999475479,6.9621749,3.4085765,3.0953271,1,195.952426906567808
655,2.848907188261976,825406.117600000463426,9875739.754000000655651,6.8647985,3.7480357,3.0989561,1,226.862536180243382
656,3.421401070416176,825531.267799999564886,9875604.271700000390410,6.6116366,3.6923218,2.6107109,1,118.857398972649293
657,4.714321297238267,825623.823599999770522,9874177.259299999102950,7.0685115,3.0858121,3.4683893,1,44.733196340090288
658,2.612654841592742,825285.333700000308454,9876431.605000000447035,7.2141919,3.1537640,2.5869012,1,271.124837028313323
659,2.851507259081389,825079.299200000241399,9876434.097100000828505,7.4095950,2.2821035,2.3791273,1,476.869798597613737
660,3.855455382703538,825195.920099999755621,9876329.186300000175834,8.2571077,2.6154573,2.6545050,1,364.580264783696975
661,3.646626433065391,824615.848299999721348,9876597.559200000017881,7.6039066,1.0038728,3.5697672,1,927.995945405788802
662,4.495453002683238,824355.891999999992549,9876537.000199999660254,6.6003737,2.6024504,5.3990664,1,1191.498453732965345
663,3.267515388571577,824555.027700000442564,9876510.071900000795722,6.3057752,4.6836190,4.8325248,1,994.683200875429634
664,2.598303879430412,824738.235199999995530,9876144.941500000655651,5.7410598,7.3796511,4.1791649,1,829.486578687398037
665,3.781858057517691,824119.929499999620020,9876138.930800000205636,7.9904962,0.4759606,3.9304421,1,1447.344711822280487
666,3.019324363243132,824829.909699999727309,9877468.725500000640750,6.9148722,2.1292028,1.6109473,1,648.813801594203824
667,4.564554034406724,824855.752899999730289,9877416.169999999925494,7.2015667,2.2618656,1.5756626,1,627.775650689078361
668,3.042731300918327,825083.402099999599159,9877388.082599999383092,6.6477232,4.2973132,2.1374798,1,403.936431678569193
669,3.060314744837299,825253.399100000038743,9877334.867300000041723,6.7880139,3.8980448,2.0308650,1,239.919604253567400
670,4.672343637225991,824861.082899999804795,9876854.666099999099970,7.1788688,1.9258169,2.1405833,1,665.677573857498714
671,4.326052541797205,824859.641999999992549,9876844.416899999603629,7.1788688,1.9258169,2.1405833,1,667.819186516619197
672,2.639966309504799,824813.487900000065565,9876746.578600000590086,7.5445704,1.4191495,2.8950021,1,720.585703864791981
673,4.274411825128514,825353.268699999898672,9876692.616800000891089,6.5740747,3.3944311,2.6225717,1,185.787357628919523
674,2.860973703413407,825357.361700000241399,9876656.015900000929832,6.3388424,4.3140316,2.6370687,1,184.218498614503261
675,4.203521729759012,824295.947700000368059,9877454.168299999088049,7.7772102,0.9524522,1.9454820,1,1182.806667826026114
676,2.523170665916492,824394.689100000075996,9877484.695800000801682,7.7772102,0.9524522,1.9884520,1,1083.082528962111155
677,2.755839669620135,824372.115399999544024,9877500.396800000220537,7.7772102,0.9524522,2.1722312,1,1105.426845519524022
678,3.100906068999553,824436.918800000101328,9877848.375399999320507,8.1024790,0.4395690,2.7805083,1,1049.266516047747245
679,1.422703369349330,824072.960300000384450,9877708.482100000604987,6.5576940,2.0611906,2.4084060,1,1409.377734781648314
680,2.186448828251483,824070.081299999728799,9877635.463999999687076,6.1708317,2.8230784,2.4119124,1,1410.314736723954638
681,3.315013219712574,824123.736600000411272,9877643.852600000798702,6.1708317,2.8230784,2.4275281,1,1356.901384153812160
682,2.993512993990592,824516.395700000226498,9876791.659700000658631,6.9660625,2.6981168,4.5011101,1,1013.878931308353799
683,2.846635913329905,824396.246100000105798,9873459.471899999305606,8.1119967,0.4008035,7.2991600,1,1068.491371984182024
684,2.590093022067310,825497.053100000135601,9874093.373999999836087,7.8896646,2.5481067,3.6363952,1,178.832470669591999
685,4.069669541272862,825446.019799999892712,9874500.509999999776483,8.5530539,2.4823215,4.9388328,1,237.536933965683630
686,2.930011089800324,825222.206699999980628,9873855.151599999517202,6.1752925,5.1399097,3.3998282,1,339.297410268750866
687,3.739731350456333,824154.946499999612570,9877526.139900000765920,6.4475470,2.2819271,2.3975408,1,1322.687250424810372
688,6.098110101143582,824969.743900000117719,9877793.299900000914931,6.8777709,3.1433914,2.0119171,1,515.165672600802509
689,5.360052675342738,824949.213999999687076,9877717.174399999901652,6.8777709,3.1433914,1.4742255,1,533.664735781976560
690,3.835147584256171,824695.901800000108778,9878289.427200000733137,7.6293068,0.7852036,2.1589715,1,802.099153492232404
691,3.562882893001504,824435.534799999557436,9877955.766899999231100,7.0998645,1.7368960,2.3721871,1,1053.504727805354150
692,2.376208429400620,824409.073400000110269,9878012.197300000116229,6.4055414,2.5592518,2.5066538,1,1081.456820557623587
693,2.488604048071744,824429.448599999770522,9878019.190199999138713,7.0998645,1.7368960,2.3674464,1,1061.274707084570764
694,1.754416877771765,824770.064100000075996,9876257.893400000408292,5.5466619,7.8569231,4.0737338,1,792.956286217814863
695,5.262406332148344,824752.956299999728799,9878383.139100000262260,7.6079149,0.8217804,2.1752946,1,752.399731552310868
696,4.045541562240432,823825.524100000038743,9878478.280799999833107,7.6003346,0.9810340,3.4443707,1,1684.400411220319029
697,3.073448820685746,823774.775200000032783,9878641.669999999925494,6.5929627,2.1085043,1.6936867,1,1761.151641967531759
698,3.138382617200265,823771.909199999645352,9878221.781199999153614,6.3213544,2.7073276,2.5818470,1,1723.967064844128345
699,2.159461823798999,824286.646099999547005,9877385.492499999701977,6.6944146,2.5512285,2.3599160,1,1197.168549656571486
700,6.568205143466550,824439.591599999926984,9875727.454500000923872,5.6985154,7.8033872,2.3923323,1,1185.101466950234681
701,2.801261738468498,825442.744599999859929,9873469.403300000354648,6.6639051,3.0373170,2.9976962,1,30.518191733407665
702,3.394545290415486,825342.103199999779463,9874455.940799999982119,8.4506111,2.4437220,5.6188545,1,335.082766058353116
703,2.640156406937407,825242.847500000149012,9874488.834699999541044,6.9127264,4.8114839,5.0395265,1,437.666255608872859
704,4.038331827383461,825232.475499999709427,9874414.238399999216199,6.1746578,3.8693514,5.1026678,1,438.652679683172948
705,4.244017702255943,825489.819400000385940,9874393.666799999773502,7.5074954,2.5557625,5.3220997,1,180.752582477378866
706,3.653634308511058,825576.955599999986589,9874277.932399999350309,7.0685115,3.0858121,4.1241574,1,82.314932699158462
707,123.179269266500398,825130.226099999621511,9878803.999099999666214,6.4783635,4.1350818,3.6612258,1,489.993296241858218
708,74.265399884735217,825313.686400000005960,9878752.155799999833107,6.6820579,3.7415791,4.2106767,1,299.387790247748228
709,2.189054595576457,825602.847599999979138,9878706.837400000542402,6.0636425,4.5234342,2.7386866,1,22.736319848659978
710,3.214808815580031,824729.885800000280142,9878995.362600000575185,8.2673178,0.3021110,4.2406216,1,930.936157660177059
711,133.510192172982869,825324.072399999946356,9878804.806399999186397,7.1761713,3.7012653,4.4089289,1,309.728412110393208
712,1.944952818073573,824599.503399999812245,9878880.953299999237061,6.7206984,2.1972284,2.6219072,1,1022.519965422339851
713,2.687752586188643,824357.870600000023842,9879137.787499999627471,7.1840219,1.2124507,2.8269947,1,1329.282831150770562
714,3.760774155868575,824381.797899999655783,9879281.929099999368191,6.7935934,2.2136662,2.3960314,1,1365.909666761735707
715,4.210815657442433,823480.408099999651313,9874793.090299999341369,5.4883590,6.7095528,0.0000000,1,2150.424859668624777
716,7.881399378427675,823171.394600000232458,9874023.441400000825524,7.4398966,1.2232646,0.8057200,1,2341.262905351650261
717,2.855245883495833,824114.007299999706447,9873565.609099999070168,8.4654179,0.3020193,6.0362902,1,1349.690204116677478
718,3.404713487529136,824234.607300000265241,9873513.115499999374151,7.7299843,0.7378687,5.6052532,1,1228.380014379787553
719,4.076711351446187,823377.369099999777973,9873475.948400000110269,4.9715762,10.2376900,0.0000000,1,2086.080172269315426
720,3.527730637053292,823697.551300000399351,9873391.045700000599027,7.8686614,0.5517268,2.6489797,1,1770.190535064630240
721,4.215269163783097,823972.420699999667704,9872992.946299999952316,6.8234258,2.7565453,3.8701873,1,1555.895637059294131
722,3.289000591979765,823484.110299999825656,9872885.550499999895692,6.5074844,4.1760287,1.2044998,1,2051.625144081368035
723,3.112795226427512,824860.847199999727309,9872352.643500000238419,6.3396955,3.4802327,1.8305705,1,703.627967043703052
724,3.854723062631651,825431.303999999538064,9872317.297199999913573,5.9179173,4.1644301,3.7389719,1,156.347790576616234
725,4.686482631131333,825439.041100000031292,9872360.315999999642372,5.9179173,4.1644301,3.8924758,1,134.177948419113250
726,4.647300904374447,825328.462199999950826,9872350.113700000569224,6.0055947,4.4143057,3.9722686,1,242.214613193809811
727,4.945542324952638,825397.791500000283122,9872299.610799999907613,5.6144199,5.8078203,3.7679203,1,193.913325832560020
728,3.556141054690430,825418.991999999620020,9872604.222899999469519,5.7316041,4.6663508,5.3167419,1,155.238388833391895
729,4.578076711247246,825431.956399999558926,9872235.458699999377131,5.8842521,5.0523710,3.3635213,1,182.004574111587772
730,3.474846393147765,825574.342600000090897,9872265.037599999457598,6.0993557,4.3847709,3.4692898,1,36.867810754361294
731,3.468909930166381,825585.488599999807775,9872242.258199999108911,6.0993557,4.3847709,2.9645729,1,32.149551449710835
732,2.172182041446920,825470.962700000032783,9872128.198799999430776,5.9554787,4.7330074,2.7442448,1,173.967712416448876
733,6.957149331537787,825292.815299999900162,9872315.977700000628829,5.5401845,7.3750162,3.6834095,1,286.706819486767529
734,0.145844917867387,824059.261099999770522,9878567.352299999445677,7.0257559,2.3060310,2.5127637,1,1467.517919289536167
735,1.068014915709469,824466.166000000201166,9878563.005300000309944,5.8033910,5.0099230,2.9872940,1,1070.366881814317139
736,0.696117152077246,824529.166799999773502,9878607.348699999973178,5.8033910,5.0099230,2.7784758,1,1020.757381480193317
737,2.153110034219162,823720.795199999585748,9878193.670299999415874,6.3213544,2.7073276,2.4970295,1,1774.315753584146250
738,0.893961531477690,824889.883299999870360,9874809.806099999696016,7.4623623,0.9044226,4.6361861,1,743.559762380002326
739,1.427427492274526,825433.383399999700487,9878286.625700000673532,6.6793356,5.0437336,1.3866637,1,65.164316696402608
740,0.250456542854318,825518.442499999888241,9878532.324300000444055,6.6872349,3.7211468,2.1170638,1,45.057898911333936
741,0.429423474090268,824729.066300000064075,9874757.368599999696016,6.6311021,3.0981083,4.6117659,1,909.987267127589689
742,0.481303780692424,823667.304800000041723,9872779.047700000926852,8.4101362,0.2811744,3.2078867,1,1881.373432354706438
743,2.701791619577748,824879.200500000268221,9872294.007400000467896,7.6734018,0.7268124,2.5250599,1,693.201441062061235
744,5.278597886471799,824931.333700000308454,9872164.649000000208616,6.8633294,3.4772933,2.7452214,1,678.232692116871362
745,3.372074399637359,825614.276800000108778,9872178.196000000461936,6.0993557,4.3847709,2.7584209,1,22.372065662096613
746,3.455975567996790,824214.716699999757111,9872086.674699999392033,7.6746058,0.8548863,6.9297071,1,1386.519500905979385
747,1.581506099681019,824200.129200000315905,9871753.372199999168515,4.9986753,11.6659164,5.8478522,1,1498.924570999494563
748,1.689183495076374,824464.794700000435114,9871574.056299999356270,5.8183260,5.0430541,3.6732290,1,1309.337892774758529
749,1.153986416305673,824691.128600000403821,9871383.868300000205636,6.1780028,3.5479286,3.6637182,1,1194.525706318116363
750,1.624020546434499,824714.107800000347197,9871375.579399999231100,6.1780028,3.5479286,3.9784970,1,1177.971020041504516
751,2.381197702171939,824708.176799999549985,9871343.048900000751019,6.1780028,3.5479286,3.3333926,1,1198.253848565438147
752,1.498718950059970,824689.913599999621511,9871338.466399999335408,6.1780028,3.5479286,3.3333926,1,1216.569291520269871
753,2.042931213869059,824751.395100000314415,9871305.544099999591708,6.1780028,3.5479286,3.6851628,1,1177.238685712493862
754,2.632111602503421,824769.584599999710917,9871307.609899999573827,6.1780028,3.5479286,3.6851628,1,1160.150786913000729
755,2.593928119105130,824786.362499999813735,9871360.940099999308586,6.1780028,3.5479286,3.8750298,1,1120.641865501050461
756,4.761254175726903,825703.951200000010431,9871561.935900000855327,5.7435870,5.4423199,2.2774098,1,221.342613173674437
757,3.828035795215882,825787.816800000146031,9871606.034900000318885,5.7435870,5.4423199,2.1723049,1,126.589828443185482
758,9.068448712789051,825328.520399999804795,9871655.750399999320507,5.2868347,7.2406378,2.4189730,1,503.613237841905459
759,2.466367282830604,825127.989500000141561,9871796.581299999728799,5.5549922,7.5910406,3.1354175,1,616.449067042256274
760,3.548327765958271,825013.756900000385940,9871654.618899999186397,6.9870176,1.5520614,4.2602134,1,783.328515226067566
761,3.768095350280360,825323.866399999707937,9870688.376299999654293,7.8926139,0.4058117,4.3558354,1,979.474307295228982
762,0.412098289561216,825509.005800000391901,9871062.824799999594688,7.7741470,1.7861395,2.5578578,1,621.832216380142654
763,2.970017113936768,825368.617100000381470,9870858.879699999466538,8.0910873,0.3904340,2.8963549,1,845.860638634320367
764,3.797355338876095,825161.328999999910593,9870983.929999999701977,8.2058296,0.5097794,2.6795752,1,968.594358395206200
765,2.597275772635220,825280.166799999773502,9871061.874600000679493,7.4311132,1.1139667,3.0108583,1,827.550445325359874
766,3.737008709550764,826002.686800000257790,9871302.213800000026822,6.3452692,3.5046682,2.6333685,1,74.056815242625916
767,3.539663514817257,826019.385499999858439,9871271.719900000840425,5.8873739,5.2083535,2.2940292,1,75.426798628907122
768,6.181050797544994,825729.452200000174344,9871266.031300000846386,5.4981489,7.0718179,3.0072784,1,334.294902460556614
769,1.881654618844065,825398.990199999883771,9870938.404899999499321,7.8138604,0.7707186,2.3530374,1,778.900514578227330
770,,825468.495299999602139,9872504.846999999135733,5.7992225,4.7989898,4.8577242,1,98.565568590775314
771,,825418.012699999846518,9872586.219699999317527,5.5605245,5.7637572,5.3167419,1,155.261240540161936
772,,825466.299300000071526,9872583.573899999260902,5.7316041,4.6663508,4.9104199,1,106.902275274480729
773,,825564.856800000183284,9872833.274900000542402,6.9498434,4.6572413,5.0291119,1,9.916057503395232
774,,825197.005800000391901,9873129.895500000566244,6.4985380,3.4286394,5.9253206,1,324.114743092467677
775,,825114.720200000330806,9873205.566500000655651,5.6563950,6.1661520,5.7543359,1,399.703490014404622
776,,825211.662700000219047,9872974.501000000163913,6.1270647,4.4477820,6.5264325,1,324.793852610379645
777,,825187.321000000461936,9873043.591700000688434,6.1270647,4.4477820,6.7229066,1,341.105522888121016
778,,825182.074699999764562,9873052.103000000119209,6.4985380,3.4286394,6.7229066,1,345.573645771966881
779,,825171.073499999940395,9873078.530500000342727,6.4985380,3.4286394,6.6469259,1,354.299609416037356
780,,825354.415400000289083,9872630.810799999162555,5.5605245,5.7637572,5.2334361,1,218.544037638453489
781,,825306.569000000134110,9872701.467900000512600,6.2924795,3.5896890,5.6527195,1,261.408202086869380
782,,825339.872999999672174,9872677.614499999210238,6.2924795,3.5896890,5.4009848,1,229.826937090763153
783,,825251.982699999585748,9872910.154400000348687,5.4582577,6.2904692,6.6109405,1,292.103279002582269
784,,825304.615399999544024,9872854.828600000590086,7.0895810,2.7583635,6.3643880,1,246.148472331913780
785,,825281.597799999639392,9872833.307800000533462,5.4582577,6.2904692,6.1360154,1,271.477881484915940
786,,825339.749699999578297,9872774.830800000578165,6.2924795,3.5896890,5.8504930,1,220.400796668461595
787,,825339.783400000073016,9872737.719900000840425,6.2924795,3.5896890,5.7084541,1,224.614664583255916
788,,825362.903800000436604,9872696.796099999919534,6.2924795,3.5896890,5.4861026,1,205.529194588416800
789,,825418.148900000378489,9872625.199699999764562,5.5605245,5.7637572,5.3860741,1,155.348635448717630
790,,825484.347799999639392,9872627.580900000408292,5.7316041,4.6663508,4.9775014,1,89.142995372310651
791,,825164.611399999819696,9873220.526599999517202,5.6563950,6.1661520,5.5759015,1,348.525699477562398
792,,825102.169599999673665,9873223.489900000393391,5.6563950,6.1661520,5.5881596,1,410.277868661541561
793,,825184.084800000302494,9873212.906600000336766,5.7748280,5.0054746,5.4733987,1,329.966588454785324
794,,825191.704800000414252,9873155.333100000396371,6.4985380,3.4286394,5.9253206,1,327.244689170657352
795,,825223.551900000311434,9873034.610400000587106,6.1270647,4.4477820,6.6097779,1,306.103167512041125
